-683434044
-115206551
578666282
830531677
14459037
-1456869862
1690385243
-1523586440
288978361
-241633868
1512464450
1242112421
-1193197819
648910535
10160915
557010969
1158398328
805432131
1710352145
326180854
-820557766
-1821231039
-358621150
-1078964529
-627584674
-297029212
217619287
-1152993263
-2103566362
-1536794599
-278527480
-1214818460
-417977266
595238257
1517428262
1858271277
-1377434996
-1010692152
411637249
1237186974
-423240653
-295497541
-815078602
-352910266
1712800926
-1648986984
716620971
-674764422
181794471
-858650688
1598240992
-810551706
668508412
1810293122
578804097
-435218061
-643503336
636263583
1926180787
-59128193
-1129077260
445221327
279133170
560914646
1707345659
-1878525098
-1393568700
-2001003093
-62202132
-417025500
490359823
-603077602
-77042570
-810004045
-1390789676
775221321
-881024488
-2128331178
-1775537715
102321823
-116058563
-461110505
-1940200551
656709717
661828979
-1910140593
912831858
-1107371907
-356515313
-841868954
467171925
-638582613
-680273153
-1194896687
953401158
418224591
-1219566654
-118931691
80
