scenario   Ne/Mean(N)      t/Mean(N)       Na/Mean(N)   
   1           1.000           4.083           8.540
   1           1.000          10.520           8.540
   1           1.000          10.520           8.540
   1           1.000          10.520           8.540
   1           1.000          10.520           8.540
   1           1.000          10.520           8.540
   1           1.000           7.063           8.540
   1           1.000          10.520           8.540
   1           1.000          10.520           8.540
   1           1.000          10.158           8.540
   1           1.000           9.167           8.540
   1           1.000           3.923           8.540
   1           1.000          10.520           8.540
   1           1.000          10.501           8.540
   1           1.000          10.520           8.540
   1           1.000          10.520           8.540
   1           1.000          10.520           8.540
   1           1.000          10.520           8.540
   1           1.000          10.520           8.540
   1           1.000          10.520           8.540
   1           1.000          10.520           8.540
   1           1.000           3.819           8.540
   1           1.000          10.520           8.540
   1           1.000          10.520           8.540
   1           1.000          10.299           8.540
   1           1.000          10.520           8.540
   1           1.000          10.520           8.540
   1           1.000          10.520           8.540
   1           1.000          10.520           8.540
   1           1.000        1.113e-1           8.540
   1           1.000          10.520           8.540
   1           1.000          10.520           8.540
   1           1.000          10.520           8.540
   1           1.000          10.520           8.540
   1           1.000          10.044           8.540
   1           1.000          10.520           8.540
   1           1.000          10.520           8.540
   1           1.000          10.520           8.540
   1           1.000          10.520           8.540
   1           1.000           9.826           8.540
   1           1.000          10.520           8.540
   1           1.000          10.520           8.540
   1           1.000          10.520           8.540
   1           1.000          10.520           8.540
   1           1.000          10.520           8.540
   1           1.000          10.520           8.540
   1           1.000          10.520           8.540
   1           1.000          10.520           8.540
   1           1.000           9.571           8.540
   1           1.000          10.520           8.540
   1           1.000          10.520           8.540
   1           1.000           4.685           8.540
   1           1.000           8.318           8.540
   1           1.000          10.520           8.540
   1           1.000          10.520           8.540
   1           1.000          10.520           8.540
   1           1.000           1.103           8.540
   1           1.000          10.520           8.540
   1           1.000           3.069           8.540
   1           1.000          10.520           8.540
   1           1.000        4.303e-1           8.540
   1           1.000          10.520           8.540
   1           1.000          10.520           8.540
   1           1.000           9.991           8.540
   1           1.000        1.291e-1           8.540
   1           1.000          10.410           8.540
   1           1.000           5.397           8.540
   1           1.000          10.520           8.540
   1           1.000          10.520           8.540
   1           1.000          10.520           8.540
   1           1.000          10.520           8.540
   1           1.000          10.520           8.540
   1           1.000          10.520           8.540
   1           1.000          10.520           8.540
   1           1.000           3.584           8.540
   1           1.000           3.272           8.540
   1           1.000          10.520           8.540
   1           1.000          10.024           8.540
   1           1.000           9.769           8.540
   1           1.000          10.520           8.540
   1           1.000        9.345e-1           8.540
   1           1.000           8.841           8.540
   1           1.000          10.520           8.540
   1           1.000          10.514           8.540
   1           1.000          10.520           8.540
   1           1.000          10.520           8.540
   1           1.000          10.267           8.540
   1           1.000          10.488           8.540
   1           1.000           2.252           8.540
   1           1.000          10.520           8.540
   1           1.000          10.520           8.540
   1           1.000          10.520           8.540
   1           1.000           8.959           8.540
   1           1.000          10.520           8.540
   1           1.000           2.218           8.540
   1           1.000           6.015           8.540
   1           1.000          10.520           8.540
   1           1.000          10.242           8.540
   1           1.000           8.321           8.540
   1           1.000          10.520           8.540
   1           1.000          10.520           8.540
   1           1.000          10.520           8.540
   1           1.000          10.520           8.540
   1           1.000          10.520           8.540
   1           1.000           3.500           8.540
   1           1.000          10.520           8.540
   1           1.000           1.589           8.540
   1           1.000           3.438           8.540
   1           1.000           3.274           8.540
   1           1.000           6.949           8.540
   1           1.000        1.249e-1           8.540
   1           1.000           3.007           8.540
   1           1.000          10.520           8.540
   1           1.000           4.613           8.540
   1           1.000          10.520           8.540
   1           1.000          10.520           8.540
   1           1.000          10.520           8.540
   1           1.000           4.784           8.540
   1           1.000          10.520           8.540
   1           1.000           6.956           8.540
   1           1.000           1.325           8.540
   1           1.000           8.466           8.540
   1           1.000          10.520           8.540
   1           1.000           7.792           8.540
   1           1.000           6.094           8.540
   1           1.000           8.239           8.540
   1           1.000           9.650           8.540
   1           1.000          10.520           8.540
   1           1.000           9.773           8.540
   1           1.000          10.520           8.540
   1           1.000          10.520           8.540
   1           1.000          10.520           8.540
   1           1.000          10.520           8.540
   1           1.000          10.520           8.540
   1           1.000          10.520           8.540
   1           1.000          10.520           8.540
   1           1.000          10.520           8.540
   1           1.000          10.520           8.540
   1           1.000          10.520           8.540
   1           1.000          10.520           8.540
   1           1.000           7.393           8.540
   1           1.000        2.328e-1           8.540
   1           1.000           4.476           8.540
   1           1.000           9.291           8.540
   1           1.000           2.198           8.540
   1           1.000          10.520           8.540
   1           1.000          10.520           8.540
   1           1.000          10.520           8.540
   1           1.000          10.520           8.540
   1           1.000          10.520           8.540
   1           1.000           9.856           8.540
   1           1.000           3.694           8.540
   1           1.000          10.520           8.540
   1           1.000          10.520           8.540
   1           1.000          10.520           8.540
   1           1.000           6.603           8.540
   1           1.000          10.520           8.540
   1           1.000          10.520           8.540
   1           1.000          10.520           8.540
   1           1.000          10.520           8.540
   1           1.000        4.135e-1           8.540
   1           1.000          10.520           8.540
   1           1.000          10.520           8.540
   1           1.000          10.520           8.540
   1           1.000           4.324           8.540
   1           1.000          10.520           8.540
   1           1.000           5.907           8.540
   1           1.000           9.989           8.540
   1           1.000           9.016           8.540
   1           1.000          10.520           8.540
   1           1.000          10.520           8.540
   1           1.000           5.359           8.540
   1           1.000          10.520           8.540
   1           1.000           2.112           8.540
   1           1.000           9.488           8.540
   1           1.000           9.833           8.540
   1           1.000          10.520           8.540
   1           1.000          10.520           8.540
   1           1.000          10.520           8.540
   1           1.000           7.379           8.540
   1           1.000           9.547           8.540
   1           1.000           1.565           8.540
   1           1.000          10.520           8.540
   1           1.000          10.520           8.540
   1           1.000          10.520           8.540
   1           1.000           7.583           8.540
   1           1.000           9.384           8.540
   1           1.000           2.024           8.540
   1           1.000          10.520           8.540
   1           1.000          10.401           8.540
   1           1.000          10.520           8.540
   1           1.000           7.296           8.540
   1           1.000          10.406           8.540
   1           1.000          10.520           8.540
   1           1.000           6.761           8.540
   1           1.000           6.582           8.540
   1           1.000          10.520           8.540
   1           1.000           2.131           8.540
   1           1.000           8.539           8.540
   1           1.000          10.520           8.540
   1           1.000           5.523           8.540
   1           1.000          10.402           8.540
   1           1.000          10.520           8.540
   1           1.000          10.336           8.540
   1           1.000           1.613           8.540
   1           1.000           3.952           8.540
   1           1.000           5.339           8.540
   1           1.000           6.792           8.540
   1           1.000          10.520           8.540
   1           1.000          10.520           8.540
   1           1.000           7.641           8.540
   1           1.000           9.335           8.540
   1           1.000          10.520           8.540
   1           1.000          10.520           8.540
   1           1.000          10.520           8.540
   1           1.000           2.425           8.540
   1           1.000           9.539           8.540
   1           1.000          10.520           8.540
   1           1.000           7.066           8.540
   1           1.000          10.520           8.540
   1           1.000           9.170           8.540
   1           1.000           6.746           8.540
   1           1.000           8.485           8.540
   1           1.000           4.959           8.540
   1           1.000           6.853           8.540
   1           1.000           8.108           8.540
   1           1.000          10.520           8.540
   1           1.000           2.035           8.540
   1           1.000          10.520           8.540
   1           1.000          10.520           8.540
   1           1.000           8.871           8.540
   1           1.000          10.432           8.540
   1           1.000          10.520           8.540
   1           1.000        8.969e-1           8.540
   1           1.000          10.520           8.540
   1           1.000          10.520           8.540
   1           1.000          10.520           8.540
   1           1.000          10.520           8.540
   1           1.000          10.520           8.540
   1           1.000           4.694           8.540
   1           1.000           6.822           8.540
   1           1.000           5.026           8.540
   1           1.000          10.429           8.540
   1           1.000          10.520           8.540
   1           1.000          10.520           8.540
   1           1.000          10.520           8.540
   1           1.000          10.520           8.540
   1           1.000          10.404           8.540
   1           1.000        9.102e-1           8.540
   1           1.000          10.520           8.540
   1           1.000          10.520           8.540
   1           1.000           9.612           8.540
   1           1.000          10.520           8.540
   1           1.000          10.520           8.540
   1           1.000          10.232           8.540
   1           1.000           8.047           8.540
   1           1.000           2.608           8.540
   1           1.000          10.520           8.540
   1           1.000          10.520           8.540
   1           1.000          10.520           8.540
   1           1.000          10.520           8.540
   1           1.000          10.520           8.540
   1           1.000          10.520           8.540
   1           1.000           8.973           8.540
   1           1.000          10.520           8.540
   1           1.000           7.572           8.540
   1           1.000          10.520           8.540
   1           1.000          10.520           8.540
   1           1.000          10.520           8.540
   1           1.000           2.650           8.540
   1           1.000           3.220           8.540
   1           1.000           1.080           8.540
   1           1.000           9.910           8.540
   1           1.000          10.273           8.540
   1           1.000          10.520           8.540
   1           1.000           8.637           8.540
   1           1.000           9.326           8.540
   1           1.000        2.720e-1           8.540
   1           1.000          10.520           8.540
   1           1.000           9.963           8.540
   1           1.000          10.520           8.540
   1           1.000           7.799           8.540
   1           1.000        4.299e-1           8.540
   1           1.000        1.687e-1           8.540
   1           1.000           7.803           8.540
   1           1.000          10.520           8.540
   1           1.000           2.637           8.540
   1           1.000          10.520           8.540
   1           1.000          10.448           8.540
   1           1.000          10.520           8.540
   1           1.000          10.520           8.540
   1           1.000           7.821           8.540
   1           1.000          10.520           8.540
   1           1.000           9.394           8.540
   1           1.000           3.959           8.540
   1           1.000          10.520           8.540
   1           1.000          10.520           8.540
   1           1.000          10.520           8.540
   1           1.000           9.303           8.540
   1           1.000           9.951           8.540
   1           1.000           4.920           8.540
   1           1.000           2.129           8.540
   1           1.000           4.091           8.540
   1           1.000          10.520           8.540
   1           1.000           8.213           8.540
   1           1.000          10.079           8.540
   1           1.000          10.520           8.540
   1           1.000           4.881           8.540
   1           1.000           1.565           8.540
   1           1.000           9.040           8.540
   1           1.000        2.044e-1           8.540
   1           1.000          10.520           8.540
   1           1.000        4.828e-1           8.540
   1           1.000           3.040           8.540
   1           1.000          10.520           8.540
   1           1.000          10.411           8.540
   1           1.000          10.516           8.540
   1           1.000          10.520           8.540
   1           1.000           9.336           8.540
   1           1.000          10.520           8.540
   1           1.000          10.520           8.540
   1           1.000           6.567           8.540
   1           1.000          10.217           8.540
   1           1.000          10.045           8.540
   1           1.000          10.520           8.540
   1           1.000          10.520           8.540
   1           1.000          10.520           8.540
   1           1.000           5.747           8.540
   1           1.000          10.483           8.540
   1           1.000           6.783           8.540
   1           1.000        8.395e-2           8.540
   1           1.000           6.130           8.540
   1           1.000          10.520           8.540
   1           1.000        2.954e-1           8.540
   1           1.000           9.524           8.540
   1           1.000          10.520           8.540
   1           1.000        3.188e-2           8.540
   1           1.000          10.520           8.540
   1           1.000        2.704e-1           8.540
   1           1.000        9.174e-3           8.540
   1           1.000           3.103           8.540
   1           1.000          10.520           8.540
   1           1.000          10.520           8.540
   1           1.000          10.520           8.540
   1           1.000          10.520           8.540
   1           1.000           5.330           8.540
   1           1.000           6.974           8.540
   1           1.000          10.520           8.540
   1           1.000          10.520           8.540
   1           1.000          10.520           8.540
   1           1.000          10.520           8.540
   1           1.000          10.520           8.540
   1           1.000           8.057           8.540
   1           1.000           8.032           8.540
   1           1.000           6.507           8.540
   1           1.000           7.819           8.540
   1           1.000          10.520           8.540
   1           1.000           3.900           8.540
   1           1.000          10.520           8.540
   1           1.000          10.520           8.540
   1           1.000          10.520           8.540
   1           1.000           1.761           8.540
   1           1.000          10.372           8.540
   1           1.000          10.520           8.540
   1           1.000          10.520           8.540
   1           1.000          10.337           8.540
   1           1.000          10.520           8.540
   1           1.000          10.520           8.540
   1           1.000           9.495           8.540
   1           1.000        3.262e-2           8.540
   1           1.000           9.630           8.540
   1           1.000           7.166           8.540
   1           1.000          10.520           8.540
   1           1.000        6.325e-1           8.540
   1           1.000          10.520           8.540
   1           1.000          10.520           8.540
   1           1.000          10.520           8.540
   1           1.000           9.558           8.540
   1           1.000          10.520           8.540
   1           1.000          10.520           8.540
   1           1.000          10.520           8.540
   1           1.000          10.520           8.540
   1           1.000          10.520           8.540
   1           1.000           8.696           8.540
   1           1.000           8.710           8.540
   1           1.000          10.133           8.540
   1           1.000          10.520           8.540
   1           1.000           8.402           8.540
   1           1.000          10.520           8.540
   1           1.000          10.316           8.540
   1           1.000           9.810           8.540
   1           1.000           3.768           8.540
   1           1.000          10.520           8.540
   1           1.000           2.892           8.540
   1           1.000        1.718e-2           8.540
   1           1.000          10.103           8.540
   1           1.000           6.669           8.540
   1           1.000          10.520           8.540
   1           1.000          10.520           8.540
   1           1.000          10.520           8.540
   1           1.000          10.520           8.540
   1           1.000          10.520           8.540
   1           1.000          10.174           8.540
   1           1.000        5.194e-1           8.540
   1           1.000           1.231           8.540
   1           1.000          10.520           8.540
   1           1.000          10.520           8.540
   1           1.000          10.520           8.540
   1           1.000          10.520           8.540
   1           1.000          10.520           8.540
   1           1.000          10.520           8.540
   1           1.000           6.588           8.540
   1           1.000          10.417           8.540
   1           1.000          10.520           8.540
   1           1.000           5.970           8.540
   1           1.000          10.520           8.540
   1           1.000          10.520           8.540
   1           1.000           8.421           8.540
   1           1.000          10.520           8.540
   1           1.000        7.478e-1           8.540
   1           1.000        6.344e-1           8.540
   1           1.000          10.520           8.540
   1           1.000          10.520           8.540
   1           1.000          10.520           8.540
   1           1.000          10.520           8.540
   1           1.000           4.957           8.540
   1           1.000          10.272           8.540
   1           1.000           4.315           8.540
   1           1.000          10.322           8.540
   1           1.000          10.520           8.540
   1           1.000          10.520           8.540
   1           1.000          10.520           8.540
   1           1.000           2.172           8.540
   1           1.000          10.520           8.540
   1           1.000           4.695           8.540
   1           1.000          10.520           8.540
   1           1.000          10.520           8.540
   1           1.000        7.913e-1           8.540
   1           1.000          10.520           8.540
   1           1.000        6.662e-1           8.540
   1           1.000           2.518           8.540
   1           1.000           4.702           8.540
   1           1.000          10.520           8.540
   1           1.000           6.085           8.540
   1           1.000           4.554           8.540
   1           1.000          10.357           8.540
   1           1.000           7.245           8.540
   1           1.000           1.607           8.540
   1           1.000          10.520           8.540
   1           1.000          10.520           8.540
   1           1.000           8.863           8.540
   1           1.000           9.301           8.540
   1           1.000          10.283           8.540
   1           1.000          10.520           8.540
   1           1.000           9.865           8.540
   1           1.000          10.520           8.540
   1           1.000           9.568           8.540
   1           1.000        3.337e-2           8.540
   1           1.000           9.405           8.540
   1           1.000          10.520           8.540
   1           1.000          10.520           8.540
   1           1.000           7.951           8.540
   1           1.000           2.801           8.540
   1           1.000        5.463e-1           8.540
   1           1.000          10.520           8.540
   1           1.000           7.978           8.540
   1           1.000          10.520           8.540
   1           1.000          10.520           8.540
   1           1.000           7.724           8.540
   1           1.000        3.027e-2           8.540
   1           1.000        3.845e-2           8.540
   1           1.000        7.140e-2           8.540
   1           1.000           9.108           8.540
   1           1.000           5.199           8.540
   1           1.000          10.520           8.540
   1           1.000          10.520           8.540
   1           1.000           6.474           8.540
   1           1.000          10.520           8.540
   1           1.000          10.116           8.540
   1           1.000          10.520           8.540
   1           1.000           1.505           8.540
   1           1.000           5.628           8.540
   1           1.000          10.520           8.540
   1           1.000          10.520           8.540
   1           1.000          10.304           8.540
   1           1.000          10.520           8.540
   1           1.000           9.239           8.540
   1           1.000        2.122e-1           8.540
   1           1.000          10.223           8.540
   1           1.000          10.520           8.540
   1           1.000          10.520           8.540
   1           1.000           9.879           8.540
   1           1.000           8.042           8.540
   1           1.000           7.738           8.540
   1           1.000           8.515           8.540
   1           1.000        4.811e-1           8.540
   1           1.000           2.458           8.540
   1           1.000          10.121           8.540
   1           1.000          10.030           8.540
   1           1.000           3.110           8.540
   1           1.000          10.520           8.540
   1           1.000           7.836           8.540
   1           1.000          10.520           8.540
   1           1.000          10.520           8.540
   1           1.000           6.625           8.540
   1           1.000          10.520           8.540
   1           1.000          10.520           8.540
   1           1.000          10.520           8.540
   1           1.000           3.717           8.540
   1           1.000           9.038           8.540
   1           1.000          10.122           8.540
   1           1.000           9.263           8.540
   1           1.000           1.884           8.540
   1           1.000           8.044           8.540
   1           1.000          10.504           8.540
   1           1.000          10.520           8.540
   1           1.000          10.520           8.540
   1           1.000          10.520           8.540
   1           1.000           9.793           8.540
   1           1.000          10.520           8.540
   1           1.000          10.520           8.540
   1           1.000          10.520           8.540
   1           1.000           2.291           8.540
   1           1.000          10.520           8.540
   1           1.000          10.520           8.540
   1           1.000          10.520           8.540
   1           1.000           6.666           8.540
   1           1.000          10.520           8.540
   1           1.000          10.520           8.540
   1           1.000        2.116e-1           8.540
   1           1.000           1.258           8.540
   1           1.000           9.862           8.540
   1           1.000          10.520           8.540
   1           1.000           8.377           8.540
   1           1.000           8.659           8.540
   1           1.000          10.520           8.540
   1           1.000          10.445           8.540
   1           1.000           9.771           8.540
   1           1.000           9.636           8.540
   1           1.000           9.149           8.540
   1           1.000          10.520           8.540
   1           1.000           6.548           8.540
   1           1.000           6.149           8.540
   1           1.000           9.179           8.540
   1           1.000           1.559           8.540
   1           1.000           1.332           8.540
   1           1.000          10.520           8.540
   1           1.000          10.165           8.540
   1           1.000          10.520           8.540
   1           1.000        8.273e-1           8.540
   1           1.000          10.520           8.540
   1           1.000          10.520           8.540
   1           1.000          10.520           8.540
   1           1.000          10.520           8.540
   1           1.000           2.737           8.540
   1           1.000          10.520           8.540
   1           1.000          10.520           8.540
   1           1.000          10.520           8.540
   1           1.000          10.520           8.540
   1           1.000          10.520           8.540
   1           1.000          10.520           8.540
   1           1.000          10.461           8.540
   1           1.000           1.069           8.540
   1           1.000          10.520           8.540
   1           1.000           8.495           8.540
   1           1.000        2.746e-1           8.540
   1           1.000          10.520           8.540
   1           1.000          10.520           8.540
   1           1.000           1.871           8.540
   1           1.000        7.347e-1           8.540
   1           1.000           4.958           8.540
   1           1.000           4.625           8.540
   1           1.000           9.060           8.540
   1           1.000          10.520           8.540
   1           1.000          10.520           8.540
   1           1.000          10.520           8.540
   1           1.000           2.287           8.540
   1           1.000           9.176           8.540
   1           1.000          10.520           8.540
   1           1.000          10.439           8.540
   1           1.000           8.247           8.540
   1           1.000          10.520           8.540
   1           1.000        6.131e-1           8.540
   1           1.000           8.812           8.540
   1           1.000        9.938e-1           8.540
   1           1.000          10.520           8.540
   1           1.000          10.520           8.540
   1           1.000          10.301           8.540
   1           1.000           3.165           8.540
   1           1.000          10.520           8.540
   1           1.000           9.737           8.540
   1           1.000           9.920           8.540
   1           1.000          10.520           8.540
   1           1.000        7.799e-1           8.540
   1           1.000           5.336           8.540
   1           1.000          10.138           8.540
   1           1.000           3.023           8.540
   1           1.000          10.520           8.540
   1           1.000          10.520           8.540
   1           1.000          10.520           8.540
   1           1.000          10.520           8.540
   1           1.000          10.105           8.540
   1           1.000          10.520           8.540
   1           1.000          10.520           8.540
   1           1.000           2.893           8.540
   1           1.000           8.371           8.540
   1           1.000           9.256           8.540
   1           1.000          10.520           8.540
   1           1.000          10.520           8.540
   1           1.000          10.520           8.540
   1           1.000        2.275e-1           8.540
   1           1.000          10.520           8.540
   1           1.000          10.520           8.540
   1           1.000          10.520           8.540
   1           1.000          10.520           8.540
   1           1.000           2.825           8.540
   1           1.000           9.775           8.540
   1           1.000        9.911e-3           8.540
   1           1.000           9.578           8.540
   1           1.000           6.732           8.540
   1           1.000           1.906           8.540
   1           1.000           1.845           8.540
   1           1.000           6.033           8.540
   1           1.000          10.520           8.540
   1           1.000          10.520           8.540
   1           1.000          10.520           8.540
   1           1.000        7.487e-1           8.540
   1           1.000          10.520           8.540
   1           1.000        2.251e-1           8.540
   1           1.000          10.520           8.540
   1           1.000          10.520           8.540
   1           1.000           1.376           8.540
   1           1.000           5.442           8.540
   1           1.000           2.072           8.540
   1           1.000           9.333           8.540
   1           1.000          10.520           8.540
   1           1.000          10.520           8.540
   1           1.000          10.520           8.540
   1           1.000          10.520           8.540
   1           1.000          10.520           8.540
   1           1.000           1.075           8.540
   1           1.000           5.963           8.540
   1           1.000           6.858           8.540
   1           1.000           3.352           8.540
   1           1.000          10.520           8.540
   1           1.000          10.520           8.540
   1           1.000          10.520           8.540
   1           1.000           9.425           8.540
   1           1.000           3.378           8.540
   1           1.000           9.377           8.540
   1           1.000          10.520           8.540
   1           1.000          10.520           8.540
   1           1.000          10.520           8.540
   1           1.000          10.520           8.540
   1           1.000           2.526           8.540
   1           1.000          10.520           8.540
   1           1.000           7.822           8.540
   1           1.000          10.520           8.540
   1           1.000           8.069           8.540
   1           1.000        1.052e-1           8.540
   1           1.000        1.385e-1           8.540
   1           1.000           4.202           8.540
   1           1.000          10.520           8.540
   1           1.000          10.520           8.540
   1           1.000          10.520           8.540
   1           1.000        3.073e-2           8.540
   1           1.000          10.520           8.540
   1           1.000          10.520           8.540
   1           1.000          10.520           8.540
   1           1.000           7.099           8.540
   1           1.000          10.273           8.540
   1           1.000          10.418           8.540
   1           1.000           7.628           8.540
   1           1.000           7.385           8.540
   1           1.000          10.520           8.540
   1           1.000           8.246           8.540
   1           1.000        2.623e-1           8.540
   1           1.000           1.070           8.540
   1           1.000        1.053e-2           8.540
   1           1.000          10.520           8.540
   1           1.000          10.520           8.540
   1           1.000          10.520           8.540
   1           1.000          10.520           8.540
   1           1.000           3.565           8.540
   1           1.000        1.580e-1           8.540
   1           1.000          10.520           8.540
   1           1.000           1.508           8.540
   1           1.000          10.520           8.540
   1           1.000          10.308           8.540
   1           1.000           1.137           8.540
   1           1.000          10.520           8.540
   1           1.000           7.936           8.540
   1           1.000          10.071           8.540
   1           1.000          10.520           8.540
   1           1.000          10.520           8.540
   1           1.000          10.229           8.540
   1           1.000           5.135           8.540
   1           1.000           5.053           8.540
   1           1.000           5.442           8.540
   1           1.000          10.520           8.540
   1           1.000          10.359           8.540
   1           1.000          10.520           8.540
   1           1.000          10.520           8.540
   1           1.000           7.930           8.540
   1           1.000          10.520           8.540
   1           1.000          10.520           8.540
   1           1.000          10.520           8.540
   1           1.000        6.974e-1           8.540
   1           1.000           3.765           8.540
   1           1.000          10.520           8.540
   1           1.000           4.819           8.540
   1           1.000           9.004           8.540
   1           1.000          10.520           8.540
   1           1.000          10.520           8.540
   1           1.000           6.044           8.540
   1           1.000           2.033           8.540
   1           1.000          10.520           8.540
   1           1.000           7.453           8.540
   1           1.000          10.520           8.540
   1           1.000          10.520           8.540
   1           1.000          10.520           8.540
   1           1.000           8.097           8.540
   1           1.000        2.969e-1           8.540
   1           1.000          10.520           8.540
   1           1.000          10.520           8.540
   1           1.000        9.426e-1           8.540
   1           1.000           6.970           8.540
   1           1.000           9.614           8.540
   1           1.000          10.520           8.540
   1           1.000          10.336           8.540
   1           1.000           8.343           8.540
   1           1.000          10.520           8.540
   1           1.000          10.520           8.540
   1           1.000           8.499           8.540
   1           1.000           2.818           8.540
   1           1.000          10.520           8.540
   1           1.000          10.520           8.540
   1           1.000          10.520           8.540
   1           1.000          10.331           8.540
   1           1.000        4.870e-1           8.540
   1           1.000        7.114e-1           8.540
   1           1.000           9.745           8.540
   1           1.000          10.520           8.540
   1           1.000           9.532           8.540
   1           1.000           4.626           8.540
   1           1.000          10.520           8.540
   1           1.000          10.410           8.540
   1           1.000          10.520           8.540
   1           1.000          10.520           8.540
   1           1.000           1.925           8.540
   1           1.000          10.520           8.540
   1           1.000           8.183           8.540
   1           1.000          10.520           8.540
   1           1.000          10.520           8.540
   1           1.000           9.824           8.540
   1           1.000           1.578           8.540
   1           1.000           1.534           8.540
   1           1.000           1.505           8.540
   1           1.000           8.978           8.540
   1           1.000          10.520           8.540
   1           1.000          10.520           8.540
   1           1.000          10.520           8.540
   1           1.000           3.019           8.540
   1           1.000           1.739           8.540
   1           1.000          10.520           8.540
   1           1.000        5.171e-1           8.540
   1           1.000          10.520           8.540
   1           1.000           7.742           8.540
   1           1.000          10.520           8.540
   1           1.000          10.520           8.540
   1           1.000          10.520           8.540
   1           1.000          10.520           8.540
   1           1.000           9.850           8.540
   1           1.000        5.160e-1           8.540
   1           1.000          10.520           8.540
   1           1.000          10.198           8.540
   1           1.000          10.520           8.540
   1           1.000        8.498e-2           8.540
   1           1.000          10.451           8.540
   1           1.000          10.520           8.540
   1           1.000          10.520           8.540
   1           1.000        1.913e-2           8.540
   1           1.000          10.520           8.540
   1           1.000          10.520           8.540
   1           1.000          10.520           8.540
   1           1.000           3.525           8.540
   1           1.000        2.428e-1        1.690e-2
   1           1.000        1.991e-1           8.540
   1           1.000          10.520           8.540
   1           1.000          10.520           8.540
   1           1.000           9.378           8.540
   1           1.000          10.520           8.540
   1           1.000          10.520           8.540
   1           1.000          10.378           8.540
   1           1.000        2.542e-1           8.540
   1           1.000          10.520           8.540
   1           1.000           8.195           8.540
   1           1.000          10.520           8.540
   1           1.000          10.520           8.540
   1           1.000          10.520           8.540
   1           1.000           7.888           8.540
   1           1.000           9.336           8.540
   1           1.000          10.520           8.540
   1           1.000        2.016e-1           8.540
   1           1.000          10.095           8.540
   1           1.000           1.578           8.540
   1           1.000        9.893e-1           8.540
   1           1.000           7.273           8.540
   1           1.000           7.299           8.540
   1           1.000          10.294           8.540
   1           1.000          10.520           8.540
   1           1.000           5.492           8.540
   1           1.000          10.520           8.540
   1           1.000           8.193           8.540
   1           1.000           9.781           8.540
   1           1.000           7.438           8.540
   1           1.000        2.777e-1           8.540
   1           1.000          10.520           8.540
   1           1.000        6.264e-1           8.540
   1           1.000          10.520           8.540
   1           1.000          10.520           8.540
   1           1.000          10.520           8.540
   1           1.000           3.771           8.540
   1           1.000           9.449           8.540
   1           1.000           5.951           8.540
   1           1.000          10.520           8.540
   1           1.000        1.809e-2           8.540
   1           1.000          10.320           8.540
   1           1.000          10.520           8.540
   1           1.000          10.520           8.540
   1           1.000          10.520           8.540
   1           1.000        8.936e-1           8.540
   1           1.000          10.198           8.540
   1           1.000           5.338           8.540
   1           1.000          10.520           8.540
   1           1.000           1.722           8.540
   1           1.000          10.520           8.540
   1           1.000          10.520           8.540
   1           1.000           9.804           8.540
   1           1.000        8.361e-2           8.540
   1           1.000           6.905           8.540
   1           1.000          10.509           8.540
   1           1.000        5.156e-1           8.540
   1           1.000          10.520           8.540
   1           1.000          10.520           8.540
   1           1.000          10.520           8.540
   1           1.000          10.520           8.540
   1           1.000          10.520           8.540
   1           1.000           2.045           8.540
   1           1.000           8.414           8.540
   1           1.000           7.041           8.540
   1           1.000          10.520           8.540
   1           1.000          10.520           8.540
   1           1.000          10.520           8.540
   1           1.000           8.630           8.540
   1           1.000           9.418           8.540
   1           1.000           3.304           8.540
   1           1.000          10.520           8.540
   1           1.000           9.627           8.540
   1           1.000           8.338           8.540
   1           1.000           4.807           8.540
   1           1.000          10.520           8.540
   1           1.000        1.980e-1           8.540
   1           1.000        6.739e-2           8.540
   1           1.000          10.156           8.540
   1           1.000          10.520           8.540
   1           1.000          10.520           8.540
   1           1.000          10.520           8.540
   1           1.000           4.359           8.540
   1           1.000          10.520           8.540
   1           1.000          10.520           8.540
   1           1.000          10.520           8.540
   1           1.000          10.022           8.540
   1           1.000           6.414           8.540
   1           1.000        7.770e-1           8.540
   1           1.000           1.601           8.540
   1           1.000           8.982           8.540
   1           1.000          10.520           8.540
   1           1.000           9.563           8.540
   1           1.000          10.520           8.540
   1           1.000        9.784e-1           8.540
   1           1.000          10.520           8.540
   1           1.000          10.520           8.540
   1           1.000          10.520           8.540
   1           1.000           1.252           8.540
   1           1.000          10.520           8.540
   1           1.000          10.520           8.540
   1           1.000           8.222           8.540
   1           1.000        6.799e-2           8.540
   1           1.000          10.520           8.540
   1           1.000          10.520           8.540
   1           1.000          10.098           8.540
   1           1.000          10.520           8.540
   1           1.000          10.520           8.540
   1           1.000          10.520           8.540
   1           1.000           8.247           8.540
   1           1.000           5.051           8.540
   1           1.000           5.502           8.540
   1           1.000           8.043           8.540
   1           1.000          10.520           8.540
   1           1.000          10.213           8.540
   1           1.000          10.520           8.540
   1           1.000          10.520           8.540
   1           1.000        9.787e-1           8.540
   1           1.000          10.133           8.540
   1           1.000           8.987           8.540
   1           1.000          10.520           8.540
   1           1.000           1.632           8.540
   1           1.000          10.520           8.540
   1           1.000          10.520           8.540
   1           1.000           1.219           8.540
   1           1.000          10.520           8.540
   1           1.000          10.520           8.540
   1           1.000          10.520           8.540
   1           1.000          10.118           8.540
   1           1.000          10.520           8.540
   1           1.000          10.520           8.540
   1           1.000          10.520           8.540
   1           1.000          10.520           8.540
   1           1.000          10.520           8.540
   1           1.000           8.875           8.540
   1           1.000          10.262           8.540
   1           1.000          10.520           8.540
   1           1.000           8.675           8.540
   1           1.000          10.508           8.540
   1           1.000          10.520           8.540
   1           1.000          10.520           8.540
   1           1.000          10.520           8.540
   1           1.000        4.016e-1           8.540
   1           1.000          10.520           8.540
   1           1.000          10.520           8.540
   1           1.000           8.391           8.540
   1           1.000          10.520           8.540
   1           1.000           4.638           8.540
   1           1.000          10.520           8.540
   1           1.000          10.286           8.540
   1           1.000           7.117           8.540
   1           1.000          10.520           8.540
   1           1.000           9.846           8.540
   1           1.000           3.402           8.540
   1           1.000          10.520           8.540
   1           1.000          10.520           8.540
   1           1.000           2.563           8.540
   1           1.000          10.520           8.540
   1           1.000          10.520           8.540
   1           1.000          10.520           8.540
   1           1.000           2.636           8.540
   1           1.000           6.433           8.540
   1           1.000           8.179           8.540
   1           1.000          10.520           8.540
   1           1.000           6.184           8.540
   1           1.000          10.096           8.540
   1           1.000          10.520           8.540
   1           1.000           8.408           8.540
   1           1.000        1.836e-2           8.540
   1           1.000           8.466           8.540
   1           1.000          10.520           8.540
   1           1.000           9.229           8.540
   1           1.000          10.520           8.540
   1           1.000          10.520           8.540
   1           1.000           2.608           8.540
   1           1.000          10.520           8.540
   1           1.000           2.772           8.540
   1           1.000           5.953           8.540
   1           1.000          10.520           8.540
   1           1.000           9.307           8.540
   1           1.000           4.511           8.540
   1           1.000          10.520           8.540
   1           1.000        1.275e-1           8.540
   1           1.000          10.520           8.540
   1           1.000          10.520           8.540
   1           1.000           5.822           8.540
   1           1.000           9.265           8.540
   1           1.000           3.493           8.540
   1           1.000           7.614           8.540
   1           1.000        5.065e-1           8.540
   1           1.000          10.520           8.540
   1           1.000          10.205           8.540
   1           1.000        2.592e-1           8.540
   1           1.000          10.520           8.540
   1           1.000          10.520           8.540
   1           1.000        8.841e-1           8.540
   1           1.000           8.225           8.540
   1           1.000          10.520           8.540
   1           1.000        1.047e-1           8.540
   1           1.000        2.638e-2           8.540
   1           1.000           7.142           8.540
   1           1.000          10.494           8.540
   1           1.000           9.978           8.540
   1           1.000          10.520           8.540
   1           1.000           8.015           8.540
   1           1.000           8.158           8.540
   1           1.000          10.520           8.540
   1           1.000           4.419           8.540
   1           1.000        7.860e-1           8.540
   1           1.000           2.770           8.540
   1           1.000           3.022           8.540
   1           1.000        4.163e-1           8.540
   1           1.000          10.374           8.540
   1           1.000          10.520           8.540
