scenario  Ne(u+sni)_1     t(u+sni)_1      Na(u+sni)_1   
   1           1.060        1.075e-1          25.494
   1           1.060        6.559e-2          25.494
   1           1.060        2.732e-1          25.494
   1           1.060        1.158e-1          25.494
   1           1.060        1.002e-1          25.494
   1           1.060        4.196e-2          25.494
   1           1.060        3.465e-1          25.494
   1           1.060        3.457e-1          25.494
   1           1.060        6.649e-2          25.494
   1           1.060        9.904e-2          25.494
   1           1.060        8.404e-2          25.494
   1           1.060        2.202e-1          25.494
   1           1.060        1.354e-1          25.494
   1           1.060        7.458e-2          25.494
   1           1.060        6.465e-2          25.494
   1           1.060        2.198e-2          25.494
   1           1.060        1.198e-2          25.494
   1           1.060        2.539e-2          25.494
   1           1.060        7.875e-2          25.494
   1           1.060        1.317e-1          25.494
   1           1.060        1.588e-2          25.494
   1           1.060        5.258e-1          25.494
   1           1.060        2.892e-2          25.494
   1           1.060        5.347e-2          25.494
   1           1.060        2.742e-2          25.494
   1           1.060        8.662e-1          25.494
   1           1.060        3.953e-2          25.494
   1           1.060        4.518e-2          25.494
   1           1.060        4.485e-2          25.494
   1           1.060        9.121e-1          25.494
   1           1.060        4.093e-2          25.494
   1           1.060        2.153e-2          25.494
   1           1.060        1.553e-2          25.494
   1           1.060        2.032e-2          25.494
   1           1.060        1.950e-1          25.494
   1           1.060        3.442e-2          25.494
   1           1.060        5.040e-2          25.494
   1           1.060        1.160e-2          25.494
   1           1.060        1.894e-2          25.494
   1           1.060        2.603e-1          25.494
   1           1.060        2.395e-2          25.494
   1           1.060        5.549e-1          25.494
   1           1.060        7.569e-2          25.494
   1           1.060        4.642e-2          25.494
   1           1.060        1.807e-2          25.494
   1           1.060        4.627e-2          25.494
   1           1.060        5.788e-2          25.494
   1           1.060        9.714e-2          25.494
   1           1.060        1.654e-2          25.494
   1           1.060        1.075e-1          25.494
   1           1.060        3.028e-2          25.494
   1           1.060        1.622e-1          25.494
   1           1.060        5.783e-1          25.494
   1           1.060        1.587e-2          25.494
   1           1.060        1.335e-2          25.494
   1           1.060        2.410e-2          25.494
   1           1.060        2.396e-1          25.494
   1           1.060        6.494e-2          25.494
   1           1.060        9.203e-1          25.494
   1           1.060        5.750e-2          25.494
   1           1.060        5.253e-2          25.494
   1           1.060        8.721e-2          25.494
   1           1.060        3.561e-2          25.494
   1           1.060        4.875e-2          25.494
   1           1.060           1.745          25.494
   1           1.060        2.951e-2          25.494
   1           1.060        9.050e-2          25.494
   1           1.060        3.682e-2          25.494
   1           1.060        3.015e-2          25.494
   1           1.060        1.161e-2          25.494
   1           1.060        5.931e-2          25.494
   1           1.060        7.351e-2          25.494
   1           1.060        1.528e-2          25.494
   1           1.060        1.998e-2          25.494
   1           1.060           1.901          25.494
   1           1.060        1.500e-1          25.494
   1           1.060        1.590e-1          25.494
   1           1.060        1.077e-1          25.494
   1           1.060        2.343e-1          25.494
   1           1.060        5.165e-2          25.494
   1           1.060        8.845e-2          25.494
   1           1.060        4.915e-2          25.494
   1           1.060        1.288e-2          25.494
   1           1.060        4.738e-2          25.494
   1           1.060        2.594e-2          25.494
   1           1.060        3.635e-1          25.494
   1           1.060        1.549e-2          25.494
   1           1.060        1.292e-1          25.494
   1           1.060        9.317e-1          25.494
   1           1.060        4.050e-2          25.494
   1           1.060        9.171e-2          25.494
   1           1.060        6.664e-2          25.494
   1           1.060        6.401e-2          25.494
   1           1.060        6.045e-2          25.494
   1           1.060        2.123e-1          25.494
   1           1.060        2.252e-1          25.494
   1           1.060        1.735e-2          25.494
   1           1.060        2.985e-2          25.494
   1           1.060        7.709e-2          25.494
   1           1.060        1.235e-2          25.494
   1           1.060        2.372e-2          25.494
   1           1.060        1.989e-2          25.494
   1           1.060        1.649e-2          25.494
   1           1.060        2.851e-2          25.494
   1           1.060        1.511e-1          25.494
   1           1.060        4.249e-2          25.494
   1           1.060        1.480e-1          25.494
   1           1.060        6.738e-1          25.494
   1           1.060        3.031e-1          25.494
   1           1.060        2.752e-1          25.494
   1           1.060        4.588e-1          25.494
   1           1.060           1.169          25.494
   1           1.060        1.834e-2          25.494
   1           1.060        3.436e-2          25.494
   1           1.060        1.026e-1          25.494
   1           1.060        2.636e-2          25.494
   1           1.060        6.044e-2          25.494
   1           1.060        1.058e-1          25.494
   1           1.060        2.623e-2          25.494
   1           1.060        7.144e-2          25.494
   1           1.060        1.360e-1          25.494
   1           1.060        3.375e-2          25.494
   1           1.060        1.993e-2          25.494
   1           1.060        2.455e-1          25.494
   1           1.060        2.198e-1          25.494
   1           1.060        2.007e-1          25.494
   1           1.060        8.221e-2          25.494
   1           1.060        1.212e-2          25.494
   1           1.060        3.576e-1          25.494
   1           1.060        1.223e-1          25.494
   1           1.060        1.927e-2          25.494
   1           1.060        3.108e-2          25.494
   1           1.060        4.434e-2          25.494
   1           1.060        6.095e-2          25.494
   1           1.060        3.147e-2          25.494
   1           1.060        2.638e-2          25.494
   1           1.060        5.211e-2          25.494
   1           1.060        3.787e-2          25.494
   1           1.060        1.889e-2          25.494
   1           1.060        1.739e-2          25.494
   1           1.060        5.084e-2          25.494
   1           1.060           1.114          25.494
   1           1.060        5.816e-2          25.494
   1           1.060        8.483e-2          25.494
   1           1.060        6.974e-2          25.494
   1           1.060        8.848e-2          25.494
   1           1.060        1.359e-2          25.494
   1           1.060        1.658e-2          25.494
   1           1.060        9.756e-2          25.494
   1           1.060        2.238e-2          25.494
   1           1.060        7.539e-2          25.494
   1           1.060        5.205e-1          25.494
   1           1.060        4.756e-2          25.494
   1           1.060        4.018e-2          25.494
   1           1.060        2.281e-2          25.494
   1           1.060        3.340e-2          25.494
   1           1.060        2.530e-2          25.494
   1           1.060        2.148e-2          25.494
   1           1.060        7.707e-2          25.494
   1           1.060        1.957e-2          25.494
   1           1.060        3.800e-1          25.494
   1           1.060        8.225e-2          25.494
   1           1.060        4.648e-2          25.494
   1           1.060        5.947e-2          25.494
   1           1.060        1.557e-1          25.494
   1           1.060        3.091e-2          25.494
   1           1.060        6.868e-2          25.494
   1           1.060        5.070e-2          25.494
   1           1.060        1.878e-1          25.494
   1           1.060        6.053e-2          25.494
   1           1.060        2.933e-2          25.494
   1           1.060        1.190e-1          25.494
   1           1.060        1.360e-2          25.494
   1           1.060           1.263          25.494
   1           1.060        1.063e-1          25.494
   1           1.060        1.839e-1          25.494
   1           1.060        5.071e-2          25.494
   1           1.060        3.370e-2          25.494
   1           1.060        1.327e-2          25.494
   1           1.060        7.755e-2          25.494
   1           1.060        1.591e-1          25.494
   1           1.060        7.413e-2          25.494
   1           1.060        8.362e-2          25.494
   1           1.060        2.549e-2          25.494
   1           1.060        1.142e-2          25.494
   1           1.060        5.139e-2          25.494
   1           1.060        1.609e-2          25.494
   1           1.060        4.602e-2          25.494
   1           1.060        1.571e-2          25.494
   1           1.060        1.950e-1          25.494
   1           1.060        1.355e-1          25.494
   1           1.060        2.089e-1          25.494
   1           1.060        9.313e-2          25.494
   1           1.060        1.379e-2          25.494
   1           1.060        3.937e-2          25.494
   1           1.060        1.348e-1          25.494
   1           1.060        4.342e-2          25.494
   1           1.060        4.384e-1          25.494
   1           1.060        1.789e-1          25.494
   1           1.060        3.322e-1          25.494
   1           1.060        1.040e-1          25.494
   1           1.060        1.982e-2          25.494
   1           1.060        4.495e-2          25.494
   1           1.060        9.204e-2          25.494
   1           1.060        6.780e-1          25.494
   1           1.060        9.965e-2          25.494
   1           1.060        7.912e-2          25.494
   1           1.060        7.769e-2          25.494
   1           1.060        2.700e-2          25.494
   1           1.060        1.275e-2          25.494
   1           1.060        8.372e-2          25.494
   1           1.060        1.361e-1          25.494
   1           1.060        3.775e-2          25.494
   1           1.060        2.762e-2          25.494
   1           1.060        4.622e-2          25.494
   1           1.060        1.817e-1          25.494
   1           1.060        1.147e-1          25.494
   1           1.060        2.629e-2          25.494
   1           1.060        1.621e-2          25.494
   1           1.060        3.438e-2          25.494
   1           1.060        3.580e-2          25.494
   1           1.060        1.243e-1          25.494
   1           1.060        4.311e-2          25.494
   1           1.060        1.698e-2          25.494
   1           1.060        3.497e-1          25.494
   1           1.060        8.439e-2          25.494
   1           1.060        1.947e-1          25.494
   1           1.060        1.853e-1          25.494
   1           1.060        1.436e-2          25.494
   1           1.060        1.187e-1          25.494
   1           1.060        4.321e-1          25.494
   1           1.060        9.552e-1          25.494
   1           1.060        1.227e-2          25.494
   1           1.060        1.596e-1          25.494
   1           1.060        1.678e-2          25.494
   1           1.060        2.248e-2          25.494
   1           1.060        1.142e-2          25.494
   1           1.060        3.224e-2          25.494
   1           1.060        1.801e-2          25.494
   1           1.060        6.620e-2          25.494
   1           1.060        8.968e-1          25.494
   1           1.060        1.027e-1          25.494
   1           1.060        5.159e-2          25.494
   1           1.060        8.182e-2          25.494
   1           1.060        3.331e-2          25.494
   1           1.060        1.498e-2          25.494
   1           1.060        5.911e-2          25.494
   1           1.060        2.428e-2          25.494
   1           1.060        8.761e-1          25.494
   1           1.060        3.602e-2          25.494
   1           1.060        1.298e-1          25.494
   1           1.060           1.348          25.494
   1           1.060        6.877e-1          25.494
   1           1.060        7.092e-2          25.494
   1           1.060        8.880e-2          25.494
   1           1.060        4.724e-2          25.494
   1           1.060        7.678e-2          25.494
   1           1.060        1.407e-2          25.494
   1           1.060        1.517e-2          25.494
   1           1.060        1.371e-2          25.494
   1           1.060        2.918e-1          25.494
   1           1.060        1.828e-2          25.494
   1           1.060        4.684e-2          25.494
   1           1.060        2.670e-2          25.494
   1           1.060        2.921e-2          25.494
   1           1.060        2.898e-1          25.494
   1           1.060        6.350e-2          25.494
   1           1.060        8.531e-2          25.494
   1           1.060        1.162e-2          25.494
   1           1.060        1.949e-1          25.494
   1           1.060        1.664e-1          25.494
   1           1.060           1.201          25.494
   1           1.060        5.385e-1          25.494
   1           1.060        1.479e-1          25.494
   1           1.060        1.907e-2          25.494
   1           1.060        5.890e-2          25.494
   1           1.060        1.380e-1          25.494
   1           1.060           1.006          25.494
   1           1.060        3.147e-2          25.494
   1           1.060        3.257e-1          25.494
   1           1.060        5.529e-2          25.494
   1           1.060        7.716e-2          25.494
   1           1.060        4.224e-1          25.494
   1           1.060        5.412e-1          25.494
   1           1.060        2.286e-1          25.494
   1           1.060        1.762e-2          25.494
   1           1.060        6.994e-1          25.494
   1           1.060        9.917e-2          25.494
   1           1.060        2.615e-2          25.494
   1           1.060        2.089e-2          25.494
   1           1.060        4.627e-2          25.494
   1           1.060        1.289e-1          25.494
   1           1.060        6.743e-2          25.494
   1           1.060        3.668e-2          25.494
   1           1.060        8.884e-2          25.494
   1           1.060        2.462e-2          25.494
   1           1.060        3.491e-2          25.494
   1           1.060        8.796e-2          25.494
   1           1.060        2.611e-1          25.494
   1           1.060        3.192e-1          25.494
   1           1.060        1.797e-2          25.494
   1           1.060        3.624e-1          25.494
   1           1.060        1.548e-2          25.494
   1           1.060        1.518e-2          25.494
   1           1.060        8.727e-2          25.494
   1           1.060        3.034e-1          25.494
   1           1.060        3.494e-2          25.494
   1           1.060        2.600e-1          25.494
   1           1.060        1.176e-1          25.494
   1           1.060        4.071e-2          25.494
   1           1.060        1.243e-1          25.494
   1           1.060        1.646e-2          25.494
   1           1.060        5.086e-2          25.494
   1           1.060        3.223e-1          25.494
   1           1.060        1.865e-2          25.494
   1           1.060        1.024e-1          25.494
   1           1.060        1.547e-1          25.494
   1           1.060        1.168e-2          25.494
   1           1.060        2.438e-1          25.494
   1           1.060        2.005e-2          25.494
   1           1.060        2.466e-2          25.494
   1           1.060        3.219e-2          25.494
   1           1.060        6.909e-1          25.494
   1           1.060        1.369e-2          25.494
   1           1.060        6.803e-2          25.494
   1           1.060        2.162e-2          25.494
   1           1.060        1.716e-2          25.494
   1           1.060        4.984e-2          25.494
   1           1.060        2.923e-1          25.494
   1           1.060        1.300e-1          25.494
   1           1.060        2.925e-1          25.494
   1           1.060        4.134e-2          25.494
   1           1.060        2.949e-2          25.494
   1           1.060        4.889e-1          25.494
   1           1.060        2.442e-1          25.494
   1           1.060        1.444e-2          25.494
   1           1.060           4.823          25.494
   1           1.060        1.380e-2          25.494
   1           1.060        1.616e-1          25.494
   1           1.060        1.142e-2          25.494
   1           1.060        1.691e-1          25.494
   1           1.060        1.025e-1          25.494
   1           1.060        1.384e-2          25.494
   1           1.060        3.241e-2          25.494
   1           1.060        2.511e-2          25.494
   1           1.060        1.426e-2          25.494
   1           1.060        4.698e-2          25.494
   1           1.060        2.720e-2          25.494
   1           1.060        4.683e-2          25.494
   1           1.060        1.158e-1          25.494
   1           1.060        3.550e-2          25.494
   1           1.060        1.607e-2          25.494
   1           1.060        2.588e-1          25.494
   1           1.060        4.139e-1          25.494
   1           1.060        6.945e-2          25.494
   1           1.060        1.614e-1          25.494
   1           1.060        1.639e-2          25.494
   1           1.060        4.799e-1          25.494
   1           1.060        2.287e-2          25.494
   1           1.060        6.386e-2          25.494
   1           1.060        1.668e-2          25.494
   1           1.060        6.262e-1          25.494
   1           1.060        1.498e-1          25.494
   1           1.060        5.299e-2          25.494
   1           1.060        1.520e-2          25.494
   1           1.060        2.125e-1          25.494
   1           1.060        1.328e-2          25.494
   1           1.060        3.119e-2          25.494
   1           1.060        2.069e-2          25.494
   1           1.060           1.306          25.494
   1           1.060        1.363e-1          25.494
   1           1.060        1.022e-1          25.494
   1           1.060        1.852e-1          25.494
   1           1.060        3.784e-1          25.494
   1           1.060        6.159e-2          25.494
   1           1.060        2.047e-2          25.494
   1           1.060        1.447e-2          25.494
   1           1.060        1.735e-1          25.494
   1           1.060        1.585e-2          25.494
   1           1.060        4.563e-2          25.494
   1           1.060        3.434e-2          25.494
   1           1.060        3.462e-2          25.494
   1           1.060        9.343e-1          25.494
   1           1.060        1.152e-1          25.494
   1           1.060        4.100e-2          25.494
   1           1.060        1.016e-1          25.494
   1           1.060        7.054e-2          25.494
   1           1.060        2.699e-2          25.494
   1           1.060        7.352e-2          25.494
   1           1.060        3.100e-2          25.494
   1           1.060        1.771e-1          25.494
   1           1.060        5.227e-2          25.494
   1           1.060        3.251e-2          25.494
   1           1.060        1.297e-1          25.494
   1           1.060        9.132e-1          25.494
   1           1.060        5.728e-1          25.494
   1           1.060        3.011e-2          25.494
   1           1.060        9.835e-2          25.494
   1           1.060        2.542e-2          25.494
   1           1.060        2.706e-2          25.494
   1           1.060        1.815e-2          25.494
   1           1.060        1.295e-2          25.494
   1           1.060        1.609e-2          25.494
   1           1.060        2.098e-1          25.494
   1           1.060        2.460e-1          25.494
   1           1.060        2.207e-2          25.494
   1           1.060        1.142e-2          25.494
   1           1.060        1.728e-2          25.494
   1           1.060        6.238e-2          25.494
   1           1.060        1.830e-2          25.494
   1           1.060        2.879e-2          25.494
   1           1.060        3.497e-2          25.494
   1           1.060        4.222e-2          25.494
   1           1.060        1.611e-2          25.494
   1           1.060        3.886e-1          25.494
   1           1.060        5.636e-2          25.494
   1           1.060        6.834e-2          25.494
   1           1.060        1.717e-1          25.494
   1           1.060        2.393e-2          25.494
   1           1.060        2.857e-2          25.494
   1           1.060           1.018          25.494
   1           1.060        2.081e-2          25.494
   1           1.060        2.339e-2          25.494
   1           1.060        2.071e-2          25.494
   1           1.060        1.985e-2          25.494
   1           1.060        7.579e-2          25.494
   1           1.060        1.159e-1          25.494
   1           1.060        4.353e-1          25.494
   1           1.060        4.246e-2          25.494
   1           1.060        1.224e-2          25.494
   1           1.060        4.402e-2          25.494
   1           1.060        4.002e-2          25.494
   1           1.060        6.797e-1          25.494
   1           1.060        2.919e-2          25.494
   1           1.060        1.721e-1          25.494
   1           1.060        1.546e-2          25.494
   1           1.060        2.932e-2          25.494
   1           1.060           2.793          25.494
   1           1.060        2.021e-2          25.494
   1           1.060        6.211e-1          25.494
   1           1.060        2.873e-1          25.494
   1           1.060        7.751e-1          25.494
   1           1.060        2.616e-2          25.494
   1           1.060        2.634e-2          25.494
   1           1.060        2.724e-1          25.494
   1           1.060        3.501e-2          25.494
   1           1.060        2.389e-2          25.494
   1           1.060        2.767e-1          25.494
   1           1.060        6.634e-2          25.494
   1           1.060        1.491e-2          25.494
   1           1.060        6.812e-2          25.494
   1           1.060        7.203e-2          25.494
   1           1.060        7.115e-2          25.494
   1           1.060        2.173e-2          25.494
   1           1.060        1.008e-1          25.494
   1           1.060        2.018e-2          25.494
   1           1.060        2.051e-2          25.494
   1           1.060           1.527          25.494
   1           1.060        4.341e-2          25.494
   1           1.060        1.678e-2          25.494
   1           1.060        4.174e-2          25.494
   1           1.060        9.508e-2          25.494
   1           1.060        6.384e-2          25.494
   1           1.060        3.537e-1          25.494
   1           1.060        3.357e-2          25.494
   1           1.060        1.481e-2          25.494
   1           1.060        1.205e-2          25.494
   1           1.060        2.692e-1          25.494
   1           1.060        9.278e-2          25.494
   1           1.060           2.834          25.494
   1           1.060        1.974e-2          25.494
   1           1.060        9.598e-2          25.494
   1           1.060        3.998e-2          25.494
   1           1.060        3.968e-1          25.494
   1           1.060        1.372e-2          25.494
   1           1.060        5.668e-2          25.494
   1           1.060        2.053e-2          25.494
   1           1.060        1.764e-2          25.494
   1           1.060        3.257e-2          25.494
   1           1.060        8.702e-2          25.494
   1           1.060           1.298          25.494
   1           1.060        4.853e-2          25.494
   1           1.060        1.545e-2          25.494
   1           1.060        1.366e-2          25.494
   1           1.060        4.967e-2          25.494
   1           1.060        8.319e-2          25.494
   1           1.060        3.639e-2          25.494
   1           1.060        3.945e-1          25.494
   1           1.060        2.957e-2          25.494
   1           1.060        2.285e-2          25.494
   1           1.060        2.712e-2          25.494
   1           1.060        1.769e-1          25.494
   1           1.060        1.524e-1          25.494
   1           1.060        3.231e-2          25.494
   1           1.060        9.772e-2          25.494
   1           1.060        3.847e-1          25.494
   1           1.060        8.323e-2          25.494
   1           1.060           1.269          25.494
   1           1.060        7.050e-2          25.494
   1           1.060        1.410e-2          25.494
   1           1.060        1.459e-2          25.494
   1           1.060        4.152e-1          25.494
   1           1.060        1.741e-2          25.494
   1           1.060        1.142e-2          25.494
   1           1.060        2.080e-1          25.494
   1           1.060        1.654e-2          25.494
   1           1.060        1.242e-2          25.494
   1           1.060        1.560e-2          25.494
   1           1.060        9.601e-2          25.494
   1           1.060        1.650e-1          25.494
   1           1.060        1.445e-1          25.494
   1           1.060        5.185e-2          25.494
   1           1.060        7.383e-2          25.494
   1           1.060        5.606e-2          25.494
   1           1.060        1.015e-1          25.494
   1           1.060        3.622e-2          25.494
   1           1.060        2.503e-2          25.494
   1           1.060        3.047e-2          25.494
   1           1.060        3.567e-2          25.494
   1           1.060        1.927e-2          25.494
   1           1.060        6.258e-2          25.494
   1           1.060        1.480e-1          25.494
   1           1.060        1.196e-1          25.494
   1           1.060        2.120e-2          25.494
   1           1.060        4.146e-1          25.494
   1           1.060        4.551e-2          25.494
   1           1.060        1.205e-1          25.494
   1           1.060        2.836e-2          25.494
   1           1.060        9.766e-2          25.494
   1           1.060        2.669e-1          25.494
   1           1.060        2.165e-1          25.494
   1           1.060        6.469e-2          25.494
   1           1.060        3.321e-2          25.494
   1           1.060        1.282e-1          25.494
   1           1.060        1.232e-1          25.494
   1           1.060        1.600e-2          25.494
   1           1.060        6.198e-2          25.494
   1           1.060        1.868e-1          25.494
   1           1.060        8.102e-2          25.494
   1           1.060        2.015e-2          25.494
   1           1.060        5.096e-2          25.494
   1           1.060        1.300e-1          25.494
   1           6.508        1.625e-2          25.494
   1           1.060        4.278e-2          25.494
   1           1.060        1.693e-1          25.494
   1           1.060        5.192e-1          25.494
   1           1.060        5.074e-2          25.494
   1           1.060        1.771e-1          25.494
   1           1.060        1.794e-2          25.494
   1           1.060        1.897e-2          25.494
   1           1.060        2.556e-2          25.494
   1           1.060        2.903e-2          25.494
   1           1.060        2.111e-2          25.494
   1           1.060        1.142e-2          25.494
   1           1.060        3.750e-1          25.494
   1           1.060        4.468e-2          25.494
   1           1.060        1.944e-2          25.494
   1           1.060        2.610e-2          25.494
   1           1.060        3.248e-2          25.494
   1           1.060        4.098e-2          25.494
   1           1.060        1.142e-2          25.494
   1           1.060        4.106e-2          25.494
   1           1.060        9.339e-2          25.494
   1           1.060        1.162e-2          25.494
   1           1.060        3.889e-2          25.494
   1           1.060           3.358          25.494
   1           1.060        3.861e-2          25.494
   1           1.060        2.583e-2          25.494
   1           1.060        8.531e-2          25.494
   1           1.060        1.388e-1          25.494
   1           1.060        5.455e-1          25.494
   1           1.060        3.631e-2          25.494
   1           1.060        4.636e-2          25.494
   1           1.060        1.620e-2          25.494
   1           1.060        2.037e-2          25.494
   1           1.060        2.689e-2          25.494
   1           1.060        1.220e-1          25.494
   1           1.060        8.093e-2          25.494
   1           1.060        2.031e-1          25.494
   1           1.060        7.559e-2          25.494
   1           1.060        3.108e-2          25.494
   1           1.060        1.142e-2          25.494
   1           1.060        4.794e-1          25.494
   1           1.060        1.832e-1          25.494
   1           1.060        2.315e-1          25.494
   1           1.060        1.765e-2          25.494
   1           1.060        3.026e-2          25.494
   1           1.060        1.364e-1          25.494
   1           1.060        2.196e-1          25.494
   1           1.060        1.272e-2          25.494
   1           1.060        1.025e-1          25.494
   1           1.060        1.179e-1          25.494
   1           1.060        4.888e-2          25.494
   1           1.060        1.462e-2          25.494
   1           1.060        1.071e-1          25.494
   1           1.060        8.733e-2          25.494
   1           1.060        1.039e-1          25.494
   1           1.060        7.233e-2          25.494
   1           1.060        2.114e-1          25.494
   1           1.060        1.470e-2          25.494
   1           1.060        4.459e-2          25.494
   1           1.060        2.445e-2          25.494
   1           1.060        1.142e-2          25.494
   1           1.060        1.142e-2          25.494
   1           1.060        1.889e-1          25.494
   1           1.060        3.838e-2          25.494
   1           1.060        4.307e-2          25.494
   1           1.060        1.779e-2          25.494
   1           1.060        1.247e-2          25.494
   1           1.060        2.785e-2          25.494
   1           1.060        4.369e-1          25.494
   1           1.060        2.845e-2          25.494
   1           1.060        1.348e-2          25.494
   1           1.060        1.823e-2          25.494
   1           1.060        1.551e-2          25.494
   1           1.060        8.149e-1          25.494
   1           1.060        2.870e-2          25.494
   1           1.060        1.142e-2          25.494
   1           1.060        7.985e-2          25.494
   1           1.060        4.340e-1          25.494
   1           1.060           2.797          25.494
   1           1.060        5.156e-1          25.494
   1           1.060           1.091          25.494
   1           1.060        3.891e-2          25.494
   1           1.060        1.511e-2          25.494
   1           1.060        6.573e-2          25.494
   1           1.060        7.401e-2          25.494
   1           1.060        5.167e-2          25.494
   1           1.060        1.365e-1          25.494
   1           1.060        1.401e-2          25.494
   1           1.060        6.357e-2          25.494
   1           1.060        5.017e-1          25.494
   1           1.060        4.790e-2          25.494
   1           1.060        1.348e-1          25.494
   1           1.060        1.953e-1          25.494
   1           1.060        6.136e-2          25.494
   1           1.060        2.249e-2          25.494
   1           1.060        1.513e-2          25.494
   1           1.060        4.215e-2          25.494
   1           1.060        1.333e-2          25.494
   1           1.060        2.803e-1          25.494
   1           1.060        6.578e-2          25.494
   1           1.060        1.443e-1          25.494
   1           1.060        1.329e-1          25.494
   1           1.060        3.740e-2          25.494
   1           1.060        3.178e-1          25.494
   1           1.060        2.031e-2          25.494
   1           1.060        2.758e-2          25.494
   1           1.060        1.793e-1          25.494
   1           1.060        5.158e-2          25.494
   1           1.060        1.176e-2          25.494
   1           1.060        6.769e-2          25.494
   1           1.060          20.430          25.494
   1           1.060        3.175e-1          25.494
   1           1.060        2.361e-2          25.494
   1           1.060        1.169e-1          25.494
   1           1.060        7.056e-1          25.494
   1           1.060        2.880e-2          25.494
   1           1.060        3.469e-2          25.494
   1           1.060        1.595e-1          25.494
   1           1.060           1.063          25.494
   1           1.060        1.711e-1          25.494
   1           1.060        2.127e-2          25.494
   1           1.060        6.815e-2          25.494
   1           1.060        8.056e-2          25.494
   1           1.060           1.589          25.494
   1           1.060        2.962e-2          25.494
   1           1.060        2.356e-2          25.494
   1           1.060        4.843e-2          25.494
   1           1.060        1.095e-1          25.494
   1           1.060        2.522e-2          25.494
   1           1.060        1.210e-2          25.494
   1           1.060        4.124e-1          25.494
   1           1.060        4.132e-2          25.494
   1           1.060        4.126e-2          25.494
   1           1.060        3.292e-2          25.494
   1           1.060        4.233e-1          25.494
   1           1.060        3.748e-1          25.494
   1           1.077           6.005          25.494
   1           1.060        2.020e-2          25.494
   1           1.060        3.680e-2          25.494
   1           1.060        2.814e-2          25.494
   1           1.060        1.839e-2          25.494
   1           1.060           1.141          25.494
   1           1.060        3.252e-2          25.494
   1           1.060        1.991e-2          25.494
   1           1.060        3.245e-1          25.494
   1           1.060        1.365e-2          25.494
   1           1.060        6.789e-2          25.494
   1           1.060        6.175e-1          25.494
   1           1.060        4.442e-2          25.494
   1           1.060        2.324e-1          25.494
   1           1.060        1.847e-2          25.494
   1           1.060        4.678e-2        4.315e-2
   1           1.060        2.299e-2          25.494
   1           1.060        4.062e-2          25.494
   1           1.060        2.395e-1          25.494
   1           1.060        3.173e-1          25.494
   1           1.060        3.229e-2          25.494
   1           1.060        1.789e-2          25.494
   1           1.060        3.155e-1          25.494
   1           1.060        1.142e-2          25.494
   1           1.060        1.159e-2          25.494
   1           1.060        4.308e-1          25.494
   1           1.060        1.142e-2          25.494
   1           1.060        1.490e-2          25.494
   1           1.060        1.226e-2          25.494
   1           1.060        4.685e-1          25.494
   1           1.060        1.816e-2          25.494
   1           1.060        1.369e-2          25.494
   1           1.060        2.974e-2          25.494
   1           1.060        3.561e-2          25.494
   1           1.060        2.383e-2          25.494
   1           1.060        4.982e-2          25.494
   1           1.060        1.348e-1          25.494
   1           1.060        3.515e-1          25.494
   1           1.060        1.142e-2          25.494
   1           1.060        4.284e-2          25.494
   1           1.060        1.199e-2          25.494
   1           1.060        4.095e-2          25.494
   1           1.060        1.197e-2          25.494
   1           1.060        4.487e-2          25.494
   1           1.060        6.012e-1          25.494
   1           1.060        1.399e-2          25.494
   1           1.060        5.679e-2          25.494
   1           1.060        7.261e-1          25.494
   1           1.060        2.860e-2          25.494
   1           1.060        4.146e-2          25.494
   1           1.060        3.969e-2          25.494
   1           1.060        2.838e-2          25.494
   1           1.060        8.686e-2          25.494
   1           1.060        2.792e-2          25.494
   1           1.060        2.029e-2          25.494
   1           1.060        1.452e-1          25.494
   1           1.060           1.470          25.494
   1           1.060        2.023e-2          25.494
   1           1.060        3.679e-2          25.494
   1           1.060        1.176e-2          25.494
   1           1.060        7.385e-1          25.494
   1           1.060        3.514e-1          25.494
   1           1.060        5.213e-2          25.494
   1           1.060        2.482e-2          25.494
   1           1.060        1.934e-2          25.494
   1           1.060        1.524e-2          25.494
   1           1.060        2.783e-2          25.494
   1           1.060        1.602e-2          25.494
   1           1.060        9.977e-2          25.494
   1           1.060        1.406e-2          25.494
   1           1.060        8.087e-2          25.494
   1           1.060        5.930e-1          25.494
   1           1.060        2.706e-2          25.494
   1           1.060        6.006e-2          25.494
   1           1.060        1.142e-2          25.494
   1           1.060        1.852e-2          25.494
   1           1.060        2.588e-2          25.494
   1           1.060        4.698e-1          25.494
   1           1.060        6.714e-1          25.494
   1           1.060        4.665e-1          25.494
   1           1.060        1.201e-1          25.494
   1           1.060        1.476e-2          25.494
   1           1.060        5.266e-2          25.494
   1           1.060        2.151e-2          25.494
   1           1.060        3.350e-1          25.494
   1           1.060        1.108e-1          25.494
   1           1.060        2.695e-2          25.494
   1           1.060        5.459e-1          25.494
   1           1.060        2.619e-2          25.494
   1           1.060        1.115e-1          25.494
   1           1.060        2.876e-2          25.494
   1           1.060        1.561e-2          25.494
   1           1.060        1.409e-2          25.494
   1           1.060        2.181e-2          25.494
   1           1.060        1.863e-1          25.494
   1           1.060        7.711e-1          25.494
   1           1.060        1.251e-2          25.494
   1           1.060        2.117e-1          25.494
   1           1.060        1.614e-2          25.494
   1           1.060        1.090e-1          25.494
   1           1.060        4.138e-2          25.494
   1           1.060        3.189e-2          25.494
   1           1.060        2.098e-2          25.494
   1           1.060           1.471          25.494
   1           1.060        4.586e-2          25.494
   1           1.060        2.203e-2          25.494
   1           1.060        2.463e-2          25.494
   1           1.060        1.561e-1          25.494
   1           1.060           1.913          25.494
   1           1.060        5.336e-1          25.494
   1           1.060        4.157e-2          25.494
   1           1.060        5.666e-2          25.494
   1           1.060        1.706e-2          25.494
   1           1.060        1.176e-2          25.494
   1           1.060        3.693e-2          25.494
   1           1.060        3.821e-2          25.494
   1           1.060        1.535e-1          25.494
   1           1.060        1.516e-2          25.494
   1           1.060        1.633e-2          25.494
   1           1.060        1.256e-2          25.494
   1           1.060        2.183e-2          25.494
   1           1.060        1.018e-1          25.494
   1           1.060        2.104e-2          25.494
   1           1.060        4.970e-2          25.494
   1           1.060        2.399e-2          25.494
   1           1.060           1.868          25.494
   1           1.060        2.114e-1          25.494
   1           1.060        3.176e-2          25.494
   1           1.060        8.560e-2          25.494
   1           1.060        1.831e-1          25.494
   1           1.060        2.372e-1          25.494
   1           1.060        6.617e-2          25.494
   1           1.060        5.283e-2          25.494
   1           1.060        8.636e-2          25.494
   1           1.060        2.285e-2          25.494
   1           1.060        9.224e-2          25.494
   1           1.060        1.158e-1          25.494
   1           1.060        8.188e-2          25.494
   1           1.060        5.212e-1          25.494
   1           1.060        1.325e-2          25.494
   1           1.060        3.685e-1          25.494
   1           1.060        5.431e-2          25.494
   1           1.060        7.548e-2          25.494
   1           1.060        2.204e-2          25.494
   1           1.060        9.813e-2          25.494
   1           1.060        3.123e-2          25.494
   1           1.060        2.428e-1          25.494
   1           1.060        3.592e-2          25.494
   1           1.060           1.420          25.494
   1           1.060        3.749e-2          25.494
   1           1.060        1.960e-2          25.494
   1           1.060        1.249e-2          25.494
   1           1.060        2.719e-2          25.494
   1           1.060        3.360e-1          25.494
   1           1.060        3.854e-2          25.494
   1           1.060        4.301e-2          25.494
   1           1.060        2.685e-2          25.494
   1           1.060        1.102e-1          25.494
   1           1.060        1.399e-2          25.494
   1           1.060        6.852e-1          25.494
   1           1.060        2.392e-2          25.494
   1           1.060        6.833e-2          25.494
   1           1.060        1.074e-1          25.494
   1           1.060        3.698e-2          25.494
   1           1.060        3.945e-1          25.494
   1           1.060        1.723e-2          25.494
   1           1.060        1.459e-2          25.494
   1           1.060        3.287e-2          25.494
   1           1.060        7.611e-1          25.494
   1           1.060        2.505e-2          25.494
   1           1.060        1.214e-1          25.494
   1           1.060        1.342e-2          25.494
   1           1.060        7.118e-2          25.494
   1           1.060        1.684e-2          25.494
   1           1.060        5.051e-2          25.494
   1           1.060        3.360e-2          25.494
   1           1.060        5.137e-1          25.494
   1           1.060        7.818e-2          25.494
   1           1.060        3.209e-1          25.494
   1           1.060        1.571e-2          25.494
   1           1.060        2.073e-2          25.494
   1           1.060        8.784e-2          25.494
   1           1.060        7.504e-1          25.494
   1           1.060        4.022e-2          25.494
   1           1.060           1.597          25.494
   1           1.060        9.924e-1          25.494
   1           1.060        5.434e-2          25.494
   1           1.060        1.824e-2          25.494
   1           1.060        1.605e-2          25.494
   1           1.060        1.022e-1          25.494
   1           1.060        8.964e-2          25.494
   1           1.060        3.108e-2          25.494
   1           1.060        2.645e-2          25.494
   1           1.060        2.049e-2          25.494
   1           1.060        6.308e-2          25.494
   1           1.060        1.779e-2          25.494
   1           1.060        3.622e-1          25.494
   1           1.060        4.096e-1          25.494
   1           1.060        3.771e-2          25.494
   1           1.060        2.859e-2          25.494
   1           1.060        1.602e-2          25.494
   1           1.060        2.205e-2          25.494
   1           1.060        1.705e-1          25.494
   1           1.060        5.794e-2          25.494
   1           1.060        7.002e-2          25.494
   1           1.060        6.338e-2          25.494
   1           1.060        1.347e-1          25.494
   1           1.060        1.924e-2          25.494
   1           1.060        1.630e-2          25.494
   1           1.060        1.241e-1          25.494
   1           1.060        5.531e-1          25.494
   1           1.060        4.947e-2          25.494
   1           1.060        2.036e-2          25.494
   1           1.060        3.915e-2          25.494
   1           1.060        6.017e-1          25.494
   1           1.060        1.145e-2          25.494
   1           1.060        2.198e-2          25.494
   1           1.060        7.649e-1          25.494
   1           1.060        1.680e-1          25.494
   1           1.060        1.464e-1          25.494
   1           1.060        2.514e-2          25.494
   1           1.060        1.142e-2          25.494
   1           1.060        1.053e-1          25.494
   1           1.060        6.627e-2          25.494
   1           1.060        1.142e-2          25.494
   1           1.060        6.247e-1          25.494
   1           1.060        3.582e-2          25.494
   1           1.060        6.016e-2          25.494
   1           1.060        1.684e-2          25.494
   1           1.060        7.802e-2          25.494
   1           1.060        4.202e-2          25.494
   1           1.060        2.129e-2          25.494
   1           1.060        1.407e-1          25.494
   1           1.060        4.415e-2          25.494
   1           1.060        3.726e-2          25.494
   1           1.060        6.537e-2          25.494
   1           1.060        8.139e-2          25.494
   1           1.060        1.076e-1          25.494
   1           1.060        1.178e-2          25.494
   1           1.060        2.269e-2          25.494
   1           1.060        3.115e-2          25.494
   1           1.060        1.961e-2          25.494
   1           1.060        6.514e-2          25.494
   1           1.060        6.719e-2          25.494
   1           1.060        3.817e-2          25.494
   1           1.060        4.017e-2          25.494
   1           1.060        3.325e-2          25.494
   1           1.060        1.180e-2          25.494
   1           1.060        1.638e-2          25.494
   1           1.060        1.269e-2          25.494
   1           1.060        1.938e-1          25.494
   1           1.060        2.006e-2          25.494
   1           1.060        3.982e-2          25.494
   1           1.060        8.455e-2          25.494
   1           1.060        2.119e-2          25.494
   1           1.060        2.964e-1          25.494
   1           1.060        2.660e-2          25.494
   1           1.060        7.137e-2          25.494
   1           1.060        9.010e-2          25.494
   1           1.060        2.062e-2          25.494
   1           1.060        6.850e-2          25.494
   1           1.060        1.546e-2          25.494
   1           1.060        5.158e-2          25.494
   1           1.060        1.036e-1          25.494
   1           1.060        3.269e-2          25.494
   1           1.060        1.753e-2          25.494
   1           1.060        2.340e-2          25.494
   1           1.060        1.286e-2          25.494
   1           1.060        2.120e-1          25.494
   1           1.060        1.564e-1          25.494
   1           1.060        2.578e-2          25.494
   1           1.060        1.441e-2          25.494
   1           1.060        1.642e-2          25.494
   1           1.060        6.739e-2          25.494
   1           1.060        1.142e-2          25.494
   1           1.060        3.738e-1          25.494
   1           1.060        9.093e-1          25.494
   1           1.060        4.230e-1          25.494
   1           1.060        1.424e-2          25.494
   1           1.060           1.338          25.494
   1           1.060        2.607e-2          25.494
   1           1.060        1.199e-2          25.494
   1           1.060        3.296e-2          25.494
   1           1.060        1.580e-2          25.494
   1           1.060        2.121e-1          25.494
   1           1.060        1.386e-2          25.494
   1           1.060        1.402e-2          25.494
   1           1.060        1.713e-1          25.494
   1           1.060        1.729e-2          25.494
   1           1.060        2.796e-2          25.494
   1           1.060        8.585e-1          25.494
   1           1.060        1.151e-2          25.494
   1           1.060        1.283e-2          25.494
   1           1.060        9.102e-2          25.494
   1           1.060        2.076e-2          25.494
   1           1.060        1.016e-1          25.494
   1           1.060        1.310e-1          25.494
   1           1.060        1.953e-1          25.494
   1           1.060        3.166e-2          25.494
   1           1.060        3.578e-2          25.494
   1           1.060           1.585          25.494
   1           1.060        1.303e-2          25.494
   1           1.060        1.903e-2          25.494
   1           1.060           2.026          25.494
   1           1.060        8.415e-2          25.494
   1           1.060        2.792e-2          25.494
   1           1.060        2.250e-1          25.494
   1           1.060        9.126e-2          25.494
   1           1.060        5.678e-2          25.494
   1           1.060        3.990e-2          25.494
   1           1.060        3.558e-2          25.494
   1           1.060        8.390e-2          25.494
   1           1.060        1.096e-1          25.494
   1           1.060        2.184e-1          25.494
   1           1.060        4.517e-2          25.494
   1           1.060        1.979e-1          25.494
   1           1.060        6.044e-2          25.494
   1           1.060        8.861e-2          25.494
   1           1.060        6.650e-2          25.494
   1           1.060        4.609e-1          25.494
   1           1.060        4.085e-2          25.494
   1           1.060        2.059e-2          25.494
