Cac03	Tmac06	Cac14	Cac18	Cyne20	Soc418	Soc423	Soc609	
Co09-CO13	1	1	176	180	134	136	154	154	241	249	270	270	250	250	166	168	255	267	
Co09-SC01	1	1	184	188	134	136	164	168	241	251	270	270	250	251	166	166	251	255	
Co09-SC02	1	1	174	194	134	134	152	168	247	251	270	270	251	252	166	168	259	267	
Co09-SC03	1	1	184	190	134	138	164	166	251	255	270	270	250	251	166	166	255	255	
Co09-SC04	1	1	174	176	134	134	164	166	237	249	270	270	251	252	166	168	259	259	
Co09-SC05	1	1	176	176	134	136	162	164	247	251	270	270	250	250	166	166	255	255	
Co09-SC06	1	1	174	178	134	134	162	170	241	255	270	274	250	252	166	166	259	259	
Co09-SC07	1	1	178	178	134	134	156	166	237	241	270	270	250	250	166	166	255	255	
Co09-SC08	1	1	178	178	134	134	152	166	237	237	264	270	251	252	166	168	255	255	
Co09-SC10	1	1	172	178	134	134	152	158	237	247	270	270	246	250	166	166	255	255	
Co09-SC11	1	1	176	182	134	136	150	168	239	255	270	270	251	251	166	168	255	261	
Co09-SC12	1	1	178	182	134	136	166	170	243	247	270	270	250	251	166	166	255	255	
Co09-SC14	1	1	178	180	134	136	162	166	241	253	270	270	246	251	166	166	255	257	
Co09-SC15	1	1	174	178	134	134	154	166	237	251	270	270	250	250	166	168	255	257	
Co09-SC16	1	1	168	176	134	136	154	156	243	249	270	270	246	252	166	166	249	255	
Co09-SC18	1	1	176	178	134	136	164	166	241	241	270	270	246	251	166	166	249	255	
Co09-SC19	1	1	176	190	136	136	150	166	237	251	242	274	250	251	166	168	255	259	
Co09-SC20	1	1	190	190	134	134	166	168	237	251	270	270	251	252	166	166	259	265	
Co09-SC21	1	1	184	188	134	136	164	168	241	251	270	270	250	251	166	166	251	255	
Co09-SC23	1	1	174	188	134	136	166	178	239	241	270	270	250	250	166	168	249	257	
Co09-SC24	1	1	176	196	134	134	166	168	241	253	270	270	250	252	166	166	255	259	
Co09-SC25	1	1	168	174	134	136	162	168	237	253	270	270	250	251	166	166	255	257	
Co09-SC27	1	1	174	182	134	140	162	170	241	247	270	274	251	251	166	168	255	261	
Co09-SC28	1	1	178	190	134	134	138	138	237	241	270	270	250	250	166	166	259	261	
Co09-SC29	1	1	190	190	134	136	162	182	241	255	270	270	250	250	166	166	259	259	
Co09-SC30	1	1	174	178	134	136	166	166	241	249	270	270	250	250	166	166	257	261	
Co09-SC31	1	1	184	196	134	136	166	168	237	253	270	270	250	251	166	166	249	255	
Co09-SF05	1	1	182	188	134	136	166	166	237	247	270	270	251	252	166	168	255	259	
Co09-SF08	1	1	172	212	136	136	162	166	237	249	270	270	250	251	166	166	257	271	
Co09-SF12	1	1	174	182	134	136	160	166	241	249	270	270	250	252	166	166	255	255	
Co09-SF13	1	1	176	182	134	136	164	164	241	241	270	270	250	252	166	168	249	253	
Co09-SF15	1	1	176	192	134	134	166	166	241	249	270	272	250	251	166	166	255	265	
Co09-SF16	1	1	174	182	134	138	166	166	241	241	270	270	251	254	166	166	255	255	
Co09-SF20	1	1	174	184	134	134	154	184	241	251	270	270	250	250	166	166	255	257	
Co09-SF21	1	1	176	178	134	140	156	168	237	241	266	270	250	251	166	168	255	259	
Co09-SF22	1	1	176	178	134	134	150	170	237	239	270	274	251	254	166	168	251	259	
Co09-SF24	1	1	174	190	134	136	164	166	237	249	262	270	250	250	166	166	255	257	
Co09-SF25	1	1	176	178	134	134	164	168	237	241	266	270	250	251	166	168	255	261	
Co09-SF27	1	1	174	178	134	136	168	170	241	249	270	270	250	251	166	168	255	257	
Co09-SF28	1	1	174	178	134	134	154	172	237	241	270	270	250	252	166	166	255	257	
Co09-SF29	1	1	174	176	134	134	162	172	237	241	270	270	250	251	166	166	255	259	
Co09-SF30	1	1	176	176	134	134	150	168	237	241	270	282	251	251	166	166	253	257	
Co09-SF301	1	1	174	176	134	136	154	164	237	249	270	274	251	252	166	166	253	255	
Co09-SF302	1	1	176	190	134	134	158	168	237	241	270	274	250	251	166	168	255	259	
Co09-SF303	1	1	174	188	134	134	166	168	241	247	270	270	251	251	166	168	259	261	
Co09-SF304	1	1	176	180	134	136	156	168	241	241	270	270	251	251	166	166	253	255	
Co09-SF307	1	1	174	178	134	136	164	166	249	253	270	270	250	251	166	168	255	257	
Co09-SF308	1	1	176	190	134	134	154	168	253	263	270	270	250	252	166	168	255	257	
Co09-SF309	1	1	174	214	134	134	160	170	237	249	270	278	250	251	166	166	255	257	
Co09-SF310	1	1	176	188	134	134	162	168	241	247	270	270	250	251	166	168	253	255	
Co09-SF311	1	1	172	178	134	134	164	174	241	241	270	270	250	251	166	166	255	257	
Co09-SF324	1	1	174	176	134	138	150	156	237	249	270	270	250	251	166	166	257	257	
Co09-SF328	1	1	176	180	134	134	164	166	237	237	266	270	250	252	166	166	255	255	
Co09-SF331	1	1	190	192	134	138	138	168	239	241	270	270	250	251	166	168	255	259	
Co09-SF335	1	1	174	188	134	136	156	162	237	255	270	270	251	252	166	168	257	263	
Co09-SF341	1	1	172	178	134	134	146	184	237	241	270	270	250	250	166	166	247	249	
Co09-SF349	1	1	176	176	134	134	164	168	237	247	262	270	251	251	166	166	257	257	
Co10-SF50	1	1	174	176	134	134	152	170	237	237	266	270	250	251	166	166	257	257	
Co13-2082	1	1	174	184	134	134	168	168	237	247	270	274	250	251	166	166	255	255	
Co13-2084	1	1	176	178	134	134	154	162	237	241	270	270	246	250	166	166	257	257	
Co13-2085	1	1	188	190	134	134	166	170	247	253	270	270	252	252	166	166	249	255	
Co13-2086	1	1	176	178	134	134	166	170	249	261	270	270	250	252	166	166	255	255	
Co13-2087	1	1	174	178	134	136	156	164	249	251	270	270	250	251	168	168	241	257	
Co13-2092	1	1	176	176	134	134	158	166	241	253	270	270	251	251	166	166	257	259	
Co13-2093	1	1	174	176	136	136	130	166	237	253	270	274	250	251	166	166	255	255	
Co13-2097	1	1	178	192	134	136	162	168	237	243	270	270	250	251	168	168	257	263	
Co13-2098	1	1	174	174	134	134	158	166	251	253	270	270	251	251	166	166	255	261	
Co13-2099	1	1	174	176	134	134	166	166	237	251	270	270	251	254	166	166	251	257	
Co13-2100	1	1	180	204	134	134	166	182	237	237	270	270	250	251	166	166	255	259	
Co13-2101	1	1	194	194	134	134	146	166	237	241	270	270	251	252	166	166	257	259	
Co13-2102	1	1	174	176	134	134	164	166	247	249	270	270	250	250	166	166	255	255	
Co13-2103	1	1	176	184	134	134	166	168	241	251	270	270	250	250	168	168	257	261	
Co13-2104	1	1	178	178	136	136	166	166	249	265	270	274	250	250	166	168	255	255	
Co13-2105	1	1	178	188	132	134	164	170	249	251	270	270	250	252	166	166	255	261	
Co13-2106	1	1	174	184	134	136	166	168	249	251	270	270	251	252	166	166	253	267	
Co13-2107	1	1	176	188	134	134	166	166	247	249	266	270	246	250	166	166	255	255	
Co13-2108	1	1	176	178	134	134	152	166	237	241	270	270	251	251	168	168	255	259	
Co13-2109	1	1	174	176	134	138	162	166	239	249	270	270	250	250	166	168	257	261	
Co13-2110	1	1	178	188	134	134	162	166	237	249	270	270	251	252	166	168	249	261	
Co13-2111	1	1	180	188	134	134	166	168	249	251	270	270	250	250	166	166	251	257	
Co13-2112	1	1	178	196	134	134	166	170	237	251	270	270	250	250	166	166	253	255	
Co13-2114	1	1	174	178	134	136	162	166	239	241	270	274	250	251	166	168	257	259	
Co13-2115	1	1	188	192	134	136	164	164	237	247	270	270	250	251	166	166	255	255	
Co13-2116	1	1	174	176	134	136	154	162	245	247	268	274	250	250	166	166	255	259	
Co13-2117	1	1	192	206	134	134	156	170	237	243	270	270	250	251	166	166	249	255	
Co13-2119	1	1	194	198	134	134	164	166	247	247	270	270	251	251	166	168	249	255	
Co13-2120	1	1	174	176	134	142	162	166	243	247	266	270	250	251	166	168	257	261	
Co13-2121	1	1	176	192	136	138	164	168	237	247	270	270	250	250	166	166	253	257	
Co13-2122	1	1	176	176	134	136	170	170	237	245	270	270	246	251	166	166	255	259	
Co13-2123	1	1	178	178	134	134	164	168	237	247	266	270	250	250	166	166	251	255	
Co13-2124	1	1	176	194	134	136	164	168	237	241	270	270	250	251	166	166	255	255	
Co13-2125	1	1	178	190	134	134	166	168	241	249	270	270	250	251	168	168	255	257	
Co13-2126	1	1	174	190	136	136	164	170	241	249	266	270	250	251	166	168	255	259	
Co13-2127	1	1	174	188	134	134	166	168	251	251	266	270	251	251	166	168	255	255	
Co13-2128	1	1	176	178	134	134	154	166	237	247	270	274	251	252	166	166	255	255	
Co13-2129	1	1	186	188	134	134	150	164	239	247	270	270	250	251	166	166	255	255	
Co13-2130	1	1	174	178	134	136	154	156	239	241	274	274	250	251	166	166	253	261	
Co13-2131	1	1	176	178	134	134	156	168	237	251	270	270	250	251	166	166	257	261	
Co13-2132	1	1	174	174	134	136	166	172	237	247	264	270	250	250	166	166	255	255	
Co13-2133	1	1	178	180	134	136	168	168	247	247	262	270	251	251	166	168	251	261	
Co13-2134	1	1	174	176	134	136	144	152	237	251	270	270	250	251	166	168	255	257	
Co13-2135	1	1	174	178	134	134	166	168	249	251	270	270	250	251	166	166	249	261	
Co13-2136	1	1	174	180	134	134	166	180	237	241	270	270	250	250	166	166	255	257	
Co13-2137	1	1	176	190	134	136	164	166	241	241	270	270	250	251	166	168	251	255	
Co13-2139	1	1	174	200	134	134	166	168	237	237	270	274	250	252	166	166	255	261	
Co13-2140	1	1	178	178	136	136	164	166	249	251	270	270	251	251	166	166	249	255	
Co13-2141	1	1	184	190	134	134	130	168	241	251	270	270	246	252	166	166	265	267	
Co13-2142	1	1	176	188	134	134	168	168	237	265	262	270	250	250	166	166	255	261	
Co13-2143	1	1	176	182	134	136	168	168	241	263	262	270	251	251	166	168	249	257	
Co13-2144	1	1	174	176	134	136	156	168	237	249	262	270	250	250	166	168	255	257	
Co13-2145	1	1	176	182	134	136	162	170	237	239	270	270	250	251	166	166	255	257	
Co13-2146	1	1	174	176	134	134	156	166	237	255	270	274	250	251	166	168	249	255	
Co13-2147	1	1	174	178	136	142	166	176	241	249	270	274	250	250	166	166	249	249	
Co13-2149	1	1	176	188	134	136	166	166	237	243	270	270	250	250	166	166	255	267	
Co13-2150	1	1	178	188	134	134	152	152	237	247	270	270	251	252	166	166	253	267	
Co13-2184	1	1	178	188	134	134	164	168	251	251	270	270	250	251	166	166	255	255	
Co13-Tg1	1	1	176	190	136	136	152	166	241	245	262	270	250	250	166	166	255	257	
Co17-01	1	1	178	184	134	138	166	168	237	241	270	274	252	252	166	168	253	257	
Co17-02	1	1	176	192	134	134	160	160	241	247	270	270	250	251	166	166	253	253	
Co17-03	1	1	194	198	132	134	168	170	237	249	270	270	250	250	166	168	255	259	
Co17-04	1	1	172	176	134	134	166	166	243	247	270	270	250	250	166	168	251	255	
Co17-05	1	1	176	192	134	134	166	166	237	241	266	270	246	250	166	168	261	265	
Co17-06	1	1	180	190	134	136	166	170	239	243	270	270	246	251	166	166	255	257	
Co17-07	1	1	176	186	134	136	166	166	237	237	270	270	251	252	166	166	253	259	
Co17-08	1	1	174	192	134	134	154	170	247	259	266	274	250	251	166	166	255	265	
Co17-09	1	1	178	184	134	134	150	156	237	241	270	270	250	250	166	168	255	257	
Co17-10	1	1	178	188	134	134	154	168	239	241	270	274	250	250	166	166	257	261	
Co17-11	1	1	192	192	134	136	154	166	241	249	270	270	250	252	166	168	241	259	
Co17-12	1	1	174	178	134	138	166	166	237	237	270	270	250	252	166	166	255	257	
Co17-13	1	1	174	178	134	134	152	170	241	247	270	270	242	251	166	166	255	257	
Co17-14	1	1	174	192	134	134	166	166	237	239	270	270	250	252	166	166	255	257	
Co17-15	1	1	168	176	134	136	166	172	237	241	262	270	250	252	166	166	253	255	
Co17-16	1	1	174	174	134	134	172	172	241	247	270	274	251	251	166	166	255	255	
Co17-17	1	1	178	182	134	136	152	166	249	249	262	270	250	250	168	168	253	255	
Co17-18	1	1	172	176	134	134	166	166	241	249	266	270	246	251	166	168	261	261	
Co17-19	1	1	172	180	134	134	166	166	237	241	270	270	250	251	166	168	253	255	
Co17-20	1	1	192	200	134	134	164	166	237	255	270	270	250	252	166	166	257	257	
Co17-21	1	1	178	196	134	136	152	168	237	237	270	270	250	252	166	166	255	261	
Co17-22	1	1	174	198	134	138	166	168	237	243	270	270	250	250	166	168	257	261	
Co17-23	1	1	174	176	134	134	156	166	241	247	270	270	250	250	166	166	253	255	
Co17-24	1	1	176	186	132	136	166	168	237	247	270	270	250	254	166	166	255	255	
Co17-25	1	1	176	184	134	136	166	184	241	247	270	270	250	251	166	168	259	261	
Co17-26	1	1	178	204	130	134	168	168	241	251	270	270	250	251	166	166	253	261	
Co17-27	1	1	168	176	134	136	166	174	237	249	270	270	250	252	166	168	255	259	
Co17-28	1	1	174	178	134	136	164	166	237	251	270	274	250	252	166	168	255	255	
Co17-29	1	1	176	178	136	138	158	166	241	247	266	270	250	251	166	168	253	257	
Co17-30	1	1	176	178	134	134	162	162	243	251	270	270	250	250	166	168	255	255	
Co17-31	1	1	178	200	134	136	164	168	237	241	270	270	251	252	168	168	255	257	
Co17-32	1	1	174	176	136	136	166	168	245	251	270	270	250	250	166	166	255	255	
Co17-34	1	1	182	192	134	134	166	166	241	251	266	270	251	251	166	166	255	261	
Co17-35	1	1	168	176	134	134	166	168	249	251	270	270	250	251	166	166	255	261	
Co17-36	1	1	176	178	134	134	168	170	237	237	270	270	250	250	166	166	255	257	
Co17-37	1	1	178	192	136	136	158	166	237	247	270	270	251	252	168	168	259	261	
Co17-38	1	1	178	192	134	136	158	164	237	249	270	270	251	251	166	168	255	257	
Co17-39	1	1	168	176	134	136	130	168	249	249	270	270	250	252	166	166	257	257	
Co17-40	1	1	176	178	134	136	166	166	241	249	270	274	250	250	166	166	255	257	
Co17-41	1	1	174	176	134	134	154	166	241	251	266	270	250	251	166	168	255	259	
Co17-43	1	1	190	192	134	134	164	164	237	247	270	270	250	251	166	166	257	261	
Co17-46	1	1	188	190	134	136	166	168	237	247	262	270	250	250	166	166	253	255	
Co17-47	1	1	174	176	134	136	156	166	247	255	270	270	250	251	166	166	255	261	
Co17-48	1	1	174	174	134	134	164	170	239	251	270	270	250	250	166	168	249	257	
Co17-49	1	1	172	182	134	138	164	166	237	249	266	270	246	250	166	168	255	255	
Co17-50	1	1	174	176	134	136	164	166	249	251	266	270	251	252	166	166	255	257	
Co17-51	1	1	178	188	134	138	152	166	237	243	270	270	250	252	166	168	249	253	
Co17-52	1	1	178	178	134	134	166	168	237	255	270	274	251	251	166	166	253	257	
Co17-53	1	1	176	178	132	134	168	168	245	251	270	270	242	250	166	168	255	255	
Co17-54	1	1	174	184	134	134	166	166	237	237	270	270	252	252	166	166	251	257	
Co17-55	1	1	178	178	134	136	164	164	245	247	266	270	251	252	166	166	259	259	
Co17-56	1	1	184	194	134	136	164	180	241	241	270	274	251	251	166	166	255	257	
Co17-57	1	1	176	178	134	134	162	162	241	241	270	270	252	254	166	166	257	261	
Co17-58	1	1	176	176	134	134	162	166	243	251	270	270	250	251	166	166	255	257	
Co17-60	1	1	172	180	134	136	156	166	241	243	270	270	251	252	166	166	257	259	
Co17-62	1	1	178	190	134	134	162	166	241	255	270	270	251	251	166	168	255	263	
Co17-65	1	1	176	190	132	134	160	166	241	241	270	270	251	252	168	168	259	265	
Co17-67	1	1	174	180	134	134	166	172	241	251	270	270	250	251	166	168	255	255	
Co17-68	1	1	174	176	134	134	158	162	249	249	270	270	251	252	166	166	255	261	
Co17-69	1	1	176	178	134	134	166	168	249	249	266	270	251	252	166	168	255	257	
Co17-70	1	1	176	190	134	136	160	164	241	249	266	270	250	251	166	166	249	257	
Co17-73	1	1	174	174	134	134	156	162	247	251	274	274	250	252	166	166	249	255	
Co17-74	1	1	176	186	134	134	166	168	241	255	270	270	250	251	166	168	255	257	
Co17-75	1	1	172	176	134	134	154	168	237	237	270	270	250	252	166	168	257	261	
Co17-76	1	1	178	192	134	136	166	168	237	249	262	270	250	252	166	166	255	255	
Co17-77	1	1	178	178	134	136	162	170	237	239	270	270	251	251	166	168	255	257	
Co17-78	1	1	178	198	132	134	156	168	237	255	262	270	250	251	166	168	251	267	
Co17-79	1	1	174	174	134	136	152	168	241	251	242	270	246	251	166	168	255	257	
Co17-80	1	1	174	188	134	136	130	152	245	249	262	270	250	251	166	166	249	259	
Co17-82	1	1	174	196	134	136	164	180	237	241	270	270	250	251	166	166	253	257	
