Cac03	Tmac03	Tmac06	Cac13	Cac14	Cac18	Cyne20	Soc418	Soc423	Soc554	Soc609	
Co09-CO13	1	1	176	180	147	147	134	136	184	184	154	154	241	249	270	270	250	250	166	168	196	200	255	267	
Co09-SC01	1	1	184	188	141	145	134	136	182	184	164	168	241	251	270	270	250	251	166	166	198	200	251	255	
Co09-SC02	1	1	174	194	153	160	134	134	188	192	152	168	247	251	270	270	251	252	166	168	192	223	259	267	
Co09-SC03	1	1	184	190	151	158	134	138	190	216	164	166	251	255	270	270	250	251	166	166	192	192	255	255	
Co09-SC04	1	1	174	176	158	162	134	134	180	208	164	166	237	249	270	270	251	252	166	168	186	200	259	259	
Co09-SC05	1	1	176	176	156	158	134	136	180	194	162	164	247	251	270	270	250	250	166	166	188	192	255	255	
Co09-SC06	1	1	174	178	156	158	134	134	200	200	162	170	241	255	270	274	250	252	166	166	192	194	259	259	
Co09-SC07	1	1	178	178	156	160	134	134	180	222	156	166	237	241	270	270	250	250	166	166	192	205	255	255	
Co09-SC08	1	1	178	178	145	162	134	134	160	170	152	166	237	237	264	270	251	252	166	168	192	192	255	255	
Co09-SC10	1	1	172	178	156	160	134	134	168	200	152	158	237	247	270	270	246	250	166	166	192	202	255	255	
Co09-SC11	1	1	176	182	155	158	134	136	176	176	150	168	239	255	270	270	251	251	166	168	186	198	255	261	
Co09-SC12	1	1	178	182	156	162	134	136	186	214	166	170	243	247	270	270	250	251	166	166	196	209	255	255	
Co09-SC14	1	1	178	180	156	158	134	136	186	192	162	166	241	253	270	270	246	251	166	166	196	205	255	257	
Co09-SC15	1	1	174	178	155	160	134	134	180	194	154	166	237	251	270	270	250	250	166	168	188	198	255	257	
Co09-SC16	1	1	168	176	153	176	134	136	178	192	154	156	243	249	270	270	246	252	166	166	192	205	249	255	
Co09-SC18	1	1	176	178	143	162	134	136	178	186	164	166	241	241	270	270	246	251	166	166	184	184	249	255	
Co09-SC19	1	1	176	190	151	156	136	136	178	180	150	166	237	251	242	274	250	251	166	168	192	205	255	259	
Co09-SC20	1	1	190	190	156	158	134	134	192	226	166	168	237	251	270	270	251	252	166	166	194	227	259	265	
Co09-SC21	1	1	184	188	143	145	134	136	182	184	164	168	241	251	270	270	250	251	166	166	198	198	251	255	
Co09-SC23	1	1	174	188	156	168	134	136	180	196	166	178	239	241	270	270	250	250	166	168	192	192	249	257	
Co09-SC24	1	1	176	196	155	158	134	134	186	186	166	168	241	253	270	270	250	252	166	166	192	198	255	259	
Co09-SC25	1	1	168	174	153	155	134	136	180	186	162	168	237	253	270	270	250	251	166	166	184	196	255	257	
Co09-SC27	1	1	174	182	155	158	134	140	172	240	162	170	241	247	270	274	251	251	166	168	200	205	255	261	
Co09-SC28	1	1	178	190	145	156	134	134	168	184	138	138	237	241	270	270	250	250	166	166	182	194	259	261	
Co09-SC29	1	1	190	190	162	164	134	136	184	192	162	182	241	255	270	270	250	250	166	166	180	190	259	259	
Co09-SC30	1	1	174	178	156	158	134	136	172	192	166	166	241	249	270	270	250	250	166	166	186	192	257	261	
Co09-SC31	1	1	184	196	153	160	134	136	168	188	166	168	237	253	270	270	250	251	166	166	192	194	249	255	
Co09-SF05	1	1	182	188	145	158	134	136	192	222	166	166	237	247	270	270	251	252	166	168	190	194	255	259	
Co09-SF08	1	1	172	212	153	156	136	136	180	192	162	166	237	249	270	270	250	251	166	166	192	198	257	271	
Co09-SF12	1	1	174	182	156	176	134	136	180	200	160	166	241	249	270	270	250	252	166	166	194	202	255	255	
Co09-SF13	1	1	176	182	149	156	134	136	186	216	164	164	241	241	270	270	250	252	166	168	192	217	249	253	
Co09-SF15	1	1	176	192	162	176	134	134	172	192	166	166	241	249	270	272	250	251	166	166	192	196	255	265	
Co09-SF16	1	1	174	182	168	174	134	138	180	188	166	166	241	241	270	270	251	254	166	166	182	194	255	255	
Co09-SF20	1	1	174	184	162	166	134	134	186	190	154	184	241	251	270	270	250	250	166	166	198	225	255	257	
Co09-SF21	1	1	176	178	162	162	134	140	186	192	156	168	237	241	266	270	250	251	166	168	192	192	255	259	
Co09-SF22	1	1	176	178	160	162	134	134	186	198	150	170	237	239	270	274	251	254	166	168	202	213	251	259	
Co09-SF24	1	1	174	190	153	160	134	136	192	192	164	166	237	249	262	270	250	250	166	166	192	194	255	257	
Co09-SF25	1	1	176	178	162	164	134	134	180	192	164	168	237	241	266	270	250	251	166	168	184	192	255	261	
Co09-SF27	1	1	174	178	153	156	134	136	174	180	168	170	241	249	270	270	250	251	166	168	192	194	255	257	
Co09-SF28	1	1	174	178	164	168	134	134	192	192	154	172	237	241	270	270	250	252	166	166	192	198	255	257	
Co09-SF29	1	1	174	176	156	166	134	134	164	172	162	172	237	241	270	270	250	251	166	166	192	194	255	259	
Co09-SF30	1	1	176	176	160	160	134	134	172	180	150	168	237	241	270	282	251	251	166	166	190	194	253	257	
Co09-SF301	1	1	174	176	156	158	134	136	168	184	154	164	237	249	270	274	251	252	166	166	182	209	253	255	
Co09-SF302	1	1	176	190	151	168	134	134	184	184	158	168	237	241	270	274	250	251	166	168	184	192	255	259	
Co09-SF303	1	1	174	188	160	160	134	134	188	194	166	168	241	247	270	270	251	251	166	168	192	200	259	261	
Co09-SF304	1	1	176	180	156	164	134	136	184	204	156	168	241	241	270	270	251	251	166	166	192	194	253	255	
Co09-SF307	1	1	174	178	156	162	134	136	172	180	164	166	249	253	270	270	250	251	166	168	184	184	255	257	
Co09-SF308	1	1	176	190	156	164	134	134	190	192	154	168	253	263	270	270	250	252	166	168	194	194	255	257	
Co09-SF309	1	1	174	214	149	155	134	134	180	212	160	170	237	249	270	278	250	251	166	166	192	198	255	257	
Co09-SF310	1	1	176	188	149	170	134	134	186	202	162	168	241	247	270	270	250	251	166	168	180	192	253	255	
Co09-SF311	1	1	172	178	156	162	134	134	180	194	164	174	241	241	270	270	250	251	166	166	207	251	255	257	
Co09-SF324	1	1	174	176	151	151	134	138	192	208	150	156	237	249	270	270	250	251	166	166	192	211	257	257	
Co09-SF328	1	1	176	180	133	160	134	134	192	206	164	166	237	237	266	270	250	252	166	166	184	196	255	255	
Co09-SF331	1	1	190	192	151	160	134	138	180	198	138	168	239	241	270	270	250	251	166	168	192	196	255	259	
Co09-SF335	1	1	174	188	151	162	134	136	186	190	156	162	237	255	270	270	251	252	166	168	200	265	257	263	
Co09-SF341	1	1	172	178	164	168	134	134	186	206	146	184	237	241	270	270	250	250	166	166	192	225	247	249	
Co09-SF349	1	1	176	176	160	166	134	134	224	228	164	168	237	247	262	270	251	251	166	166	196	202	257	257	
Co10-SF50	1	1	174	176	160	164	134	134	184	188	152	170	237	237	266	270	250	251	166	166	184	198	257	257	
Co13-2082	1	1	174	184	156	162	134	134	172	192	168	168	237	247	270	274	250	251	166	166	190	192	255	255	
Co13-2084	1	1	176	178	160	160	134	134	180	190	154	162	237	241	270	270	246	250	166	166	192	200	257	257	
Co13-2085	1	1	188	190	149	164	134	134	186	192	166	170	247	253	270	270	252	252	166	166	178	178	249	255	
Co13-2086	1	1	176	178	149	156	134	134	186	186	166	170	249	261	270	270	250	252	166	166	196	200	255	255	
Co13-2087	1	1	174	178	155	178	134	136	186	190	156	164	249	251	270	270	250	251	168	168	192	192	241	257	
Co13-2092	1	1	176	176	145	160	134	134	168	172	158	166	241	253	270	270	251	251	166	166	184	192	257	259	
Co13-2093	1	1	174	176	160	160	136	136	192	192	130	166	237	253	270	274	250	251	166	166	186	192	255	255	
Co13-2097	1	1	178	192	155	170	134	136	184	220	162	168	237	243	270	270	250	251	168	168	180	200	257	263	
Co13-2098	1	1	174	174	151	162	134	134	184	192	158	166	251	253	270	270	251	251	166	166	188	215	255	261	
Co13-2099	1	1	174	176	158	158	134	134	172	184	166	166	237	251	270	270	251	254	166	166	196	223	251	257	
Co13-2100	1	1	180	204	166	166	134	134	192	192	166	182	237	237	270	270	250	251	166	166	192	196	255	259	
Co13-2101	1	1	194	194	151	155	134	134	192	212	146	166	237	241	270	270	251	252	166	166	198	202	257	259	
Co13-2102	1	1	174	176	153	156	134	134	176	176	164	166	247	249	270	270	250	250	166	166	190	215	255	255	
Co13-2103	1	1	176	184	156	164	134	134	166	184	166	168	241	251	270	270	250	250	168	168	200	202	257	261	
Co13-2104	1	1	178	178	158	160	136	136	178	192	166	166	249	265	270	274	250	250	166	168	192	192	255	255	
Co13-2105	1	1	178	188	151	158	132	134	192	206	164	170	249	251	270	270	250	252	166	166	188	192	255	261	
Co13-2106	1	1	174	184	160	160	134	136	180	180	166	168	249	251	270	270	251	252	166	166	184	192	253	267	
Co13-2107	1	1	176	188	153	168	134	134	182	184	166	166	247	249	266	270	246	250	166	166	188	200	255	255	
Co13-2108	1	1	176	178	156	168	134	134	180	192	152	166	237	241	270	270	251	251	168	168	186	194	255	259	
Co13-2109	1	1	174	176	155	158	134	138	184	186	162	166	239	249	270	270	250	250	166	168	190	190	257	261	
Co13-2110	1	1	178	188	164	178	134	134	182	184	162	166	237	249	270	270	251	252	166	168	182	192	249	261	
Co13-2111	1	1	180	188	166	168	134	134	186	186	166	168	249	251	270	270	250	250	166	166	190	198	251	257	
Co13-2112	1	1	178	196	145	155	134	134	202	224	166	170	237	251	270	270	250	250	166	166	192	194	253	255	
Co13-2114	1	1	174	178	158	158	134	136	186	230	162	166	239	241	270	274	250	251	166	168	192	198	257	259	
Co13-2115	1	1	188	192	133	145	134	136	180	190	164	164	237	247	270	270	250	251	166	166	190	192	255	255	
Co13-2116	1	1	174	176	145	151	134	136	172	184	154	162	245	247	268	274	250	250	166	166	194	211	255	259	
Co13-2117	1	1	192	206	155	162	134	134	172	194	156	170	237	243	270	270	250	251	166	166	192	196	249	255	
Co13-2119	1	1	194	198	143	151	134	134	168	192	164	166	247	247	270	270	251	251	166	168	186	213	249	255	
Co13-2120	1	1	174	176	155	176	134	142	180	180	162	166	243	247	266	270	250	251	166	168	192	192	257	261	
Co13-2121	1	1	176	192	156	178	136	138	176	188	164	168	237	247	270	270	250	250	166	166	192	227	253	257	
Co13-2122	1	1	176	176	162	162	134	136	174	178	170	170	237	245	270	270	246	251	166	166	188	192	255	259	
Co13-2123	1	1	178	178	156	166	134	134	184	190	164	168	237	247	266	270	250	250	166	166	182	202	251	255	
Co13-2124	1	1	176	194	162	162	134	136	180	186	164	168	237	241	270	270	250	251	166	166	192	194	255	255	
Co13-2125	1	1	178	190	149	166	134	134	192	216	166	168	241	249	270	270	250	251	168	168	192	213	255	257	
Co13-2126	1	1	174	190	143	147	136	136	184	192	164	170	241	249	266	270	250	251	166	168	192	192	255	259	
Co13-2127	1	1	174	188	158	166	134	134	176	186	166	168	251	251	266	270	251	251	166	168	182	190	255	255	
Co13-2128	1	1	176	178	153	164	134	134	170	186	154	166	237	247	270	274	251	252	166	166	192	211	255	255	
Co13-2129	1	1	186	188	137	164	134	134	184	184	150	164	239	247	270	270	250	251	166	166	190	192	255	255	
Co13-2130	1	1	174	178	153	156	134	136	182	220	154	156	239	241	274	274	250	251	166	166	192	192	253	261	
Co13-2131	1	1	176	178	141	158	134	134	170	180	156	168	237	251	270	270	250	251	166	166	194	194	257	261	
Co13-2132	1	1	174	174	164	166	134	136	192	228	166	172	237	247	264	270	250	250	166	166	192	196	255	255	
Co13-2133	1	1	178	180	158	162	134	136	190	192	168	168	247	247	262	270	251	251	166	168	186	192	251	261	
Co13-2134	1	1	174	176	156	160	134	136	172	192	144	152	237	251	270	270	250	251	166	168	213	223	255	257	
Co13-2135	1	1	174	178	145	160	134	134	184	220	166	168	249	251	270	270	250	251	166	166	184	200	249	261	
Co13-2136	1	1	174	180	147	164	134	134	180	194	166	180	237	241	270	270	250	250	166	166	192	192	255	257	
Co13-2137	1	1	176	190	158	160	134	136	192	210	164	166	241	241	270	270	250	251	166	168	192	192	251	255	
Co13-2139	1	1	174	200	145	156	134	134	180	202	166	168	237	237	270	274	250	252	166	166	194	194	255	261	
Co13-2140	1	1	178	178	158	166	136	136	184	186	164	166	249	251	270	270	251	251	166	166	192	200	249	255	
Co13-2141	1	1	184	190	149	160	134	134	170	186	130	168	241	251	270	270	246	252	166	166	194	198	265	267	
Co13-2142	1	1	176	188	156	160	134	134	190	196	168	168	237	265	262	270	250	250	166	166	190	217	255	261	
Co13-2143	1	1	176	182	147	166	134	136	180	192	168	168	241	263	262	270	251	251	166	168	192	198	249	257	
Co13-2144	1	1	174	176	149	156	134	136	180	180	156	168	237	249	262	270	250	250	166	168	182	190	255	257	
Co13-2145	1	1	176	182	156	158	134	136	186	188	162	170	237	239	270	270	250	251	166	166	192	217	255	257	
Co13-2146	1	1	174	176	156	158	134	134	180	186	156	166	237	255	270	274	250	251	166	168	186	192	249	255	
Co13-2147	1	1	174	178	155	156	136	142	184	196	166	176	241	249	270	274	250	250	166	166	207	207	249	249	
Co13-2149	1	1	176	188	156	156	134	136	182	186	166	166	237	243	270	270	250	250	166	166	200	202	255	267	
Co13-2150	1	1	178	188	145	151	134	134	184	186	152	152	237	247	270	270	251	252	166	166	192	209	253	267	
Co13-2184	1	1	178	188	155	160	134	134	180	180	164	168	251	251	270	270	250	251	166	166	207	207	255	255	
Co13-Tg1	1	1	176	190	151	153	136	136	184	220	152	166	241	245	262	270	250	250	166	166	184	196	255	257	
Co17-01	1	1	178	184	145	160	134	138	192	192	166	168	237	241	270	274	252	252	166	168	192	200	253	257	
Co17-02	1	1	176	192	160	172	134	134	184	190	160	160	241	247	270	270	250	251	166	166	190	190	253	253	
Co17-03	1	1	194	198	155	158	132	134	176	186	168	170	237	249	270	270	250	250	166	168	192	192	255	259	
Co17-04	1	1	172	176	160	162	134	134	186	202	166	166	243	247	270	270	250	250	166	168	192	192	251	255	
Co17-05	1	1	176	192	145	164	134	134	180	220	166	166	237	241	266	270	246	250	166	168	192	198	261	265	
Co17-06	1	1	180	190	151	162	134	136	180	186	166	170	239	243	270	270	246	251	166	166	190	192	255	257	
Co17-07	1	1	176	186	145	149	134	136	180	192	166	166	237	237	270	270	251	252	166	166	190	196	253	259	
Co17-08	1	1	174	192	156	156	134	134	186	192	154	170	247	259	266	274	250	251	166	166	192	192	255	265	
Co17-09	1	1	178	184	149	160	134	134	168	210	150	156	237	241	270	270	250	250	166	168	194	217	255	257	
Co17-10	1	1	178	188	158	158	134	134	180	210	154	168	239	241	270	274	250	250	166	166	192	192	257	261	
Co17-11	1	1	192	192	151	166	134	136	192	206	154	166	241	249	270	270	250	252	166	168	194	194	241	259	
Co17-12	1	1	174	178	153	162	134	138	172	194	166	166	237	237	270	270	250	252	166	166	180	180	255	257	
Co17-13	1	1	174	178	160	166	134	134	180	190	152	170	241	247	270	270	242	251	166	166	190	192	255	257	
Co17-14	1	1	174	192	149	155	134	134	192	208	166	166	237	239	270	270	250	252	166	166	192	192	255	257	
Co17-15	1	1	168	176	156	160	134	136	192	212	166	172	237	241	262	270	250	252	166	166	188	192	253	255	
Co17-16	1	1	174	174	145	158	134	134	184	196	172	172	241	247	270	274	251	251	166	166	192	192	255	255	
Co17-17	1	1	178	182	135	156	134	136	168	186	152	166	249	249	262	270	250	250	168	168	192	192	253	255	
Co17-18	1	1	172	176	156	156	134	134	180	182	166	166	241	249	266	270	246	251	166	168	194	198	261	261	
Co17-19	1	1	172	180	151	153	134	134	184	184	166	166	237	241	270	270	250	251	166	168	192	196	253	255	
Co17-20	1	1	192	200	162	166	134	134	180	194	164	166	237	255	270	270	250	252	166	166	192	213	257	257	
Co17-21	1	1	178	196	135	149	134	136	184	192	152	168	237	237	270	270	250	252	166	166	192	192	255	261	
Co17-22	1	1	174	198	153	160	134	138	180	180	166	168	237	243	270	270	250	250	166	168	190	192	257	261	
Co17-23	1	1	174	176	160	160	134	134	192	208	156	166	241	247	270	270	250	250	166	166	182	192	253	255	
Co17-24	1	1	176	186	160	170	132	136	192	192	166	168	237	247	270	270	250	254	166	166	192	192	255	255	
Co17-25	1	1	176	184	155	156	134	136	172	214	166	184	241	247	270	270	250	251	166	168	190	200	259	261	
Co17-26	1	1	178	204	160	170	130	134	180	186	168	168	241	251	270	270	250	251	166	166	182	192	253	261	
Co17-27	1	1	168	176	162	164	134	136	180	184	166	174	237	249	270	270	250	252	166	168	192	194	255	259	
Co17-28	1	1	174	178	158	168	134	136	178	214	164	166	237	251	270	274	250	252	166	168	192	194	255	255	
Co17-29	1	1	176	178	160	160	136	138	158	186	158	166	241	247	266	270	250	251	166	168	192	192	253	257	
Co17-30	1	1	176	178	155	164	134	134	186	198	162	162	243	251	270	270	250	250	166	168	192	196	255	255	
Co17-31	1	1	178	200	153	174	134	136	192	192	164	168	237	241	270	270	251	252	168	168	188	192	255	257	
Co17-32	1	1	174	176	158	162	136	136	172	184	166	168	245	251	270	270	250	250	166	166	186	190	255	255	
Co17-34	1	1	182	192	151	156	134	134	170	172	166	166	241	251	266	270	251	251	166	166	192	192	255	261	
Co17-35	1	1	168	176	145	155	134	134	170	184	166	168	249	251	270	270	250	251	166	166	192	209	255	261	
Co17-36	1	1	176	178	149	149	134	134	190	204	168	170	237	237	270	270	250	250	166	166	192	223	255	257	
Co17-37	1	1	178	192	158	160	136	136	180	188	158	166	237	247	270	270	251	252	168	168	188	190	259	261	
Co17-38	1	1	178	192	155	160	134	136	172	184	158	164	237	249	270	270	251	251	166	168	192	221	255	257	
Co17-39	1	1	168	176	145	155	134	136	168	178	130	168	249	249	270	270	250	252	166	166	184	200	257	257	
Co17-40	1	1	176	178	156	156	134	136	186	192	166	166	241	249	270	274	250	250	166	166	217	217	255	257	
Co17-41	1	1	174	176	155	158	134	134	172	204	154	166	241	251	266	270	250	251	166	168	192	196	255	259	
Co17-43	1	1	190	192	143	156	134	134	178	192	164	164	237	247	270	270	250	251	166	166	192	194	257	261	
Co17-46	1	1	188	190	156	176	134	136	168	184	166	168	237	247	262	270	250	250	166	166	196	200	253	255	
Co17-47	1	1	174	176	156	176	134	136	186	212	156	166	247	255	270	270	250	251	166	166	192	192	255	261	
Co17-48	1	1	174	174	156	160	134	134	190	190	164	170	239	251	270	270	250	250	166	168	192	196	249	257	
Co17-49	1	1	172	182	151	153	134	138	180	198	164	166	237	249	266	270	246	250	166	168	192	192	255	255	
Co17-50	1	1	174	176	149	160	134	136	184	186	164	166	249	251	266	270	251	252	166	166	184	211	255	257	
Co17-51	1	1	178	188	160	162	134	138	176	186	152	166	237	243	270	270	250	252	166	168	192	192	249	253	
Co17-52	1	1	178	178	160	170	134	134	186	192	166	168	237	255	270	274	251	251	166	166	192	196	253	257	
Co17-53	1	1	176	178	156	168	132	134	186	186	168	168	245	251	270	270	242	250	166	168	192	194	255	255	
Co17-54	1	1	174	184	162	162	134	134	184	184	166	166	237	237	270	270	252	252	166	166	188	192	251	257	
Co17-55	1	1	178	178	155	160	134	136	184	216	164	164	245	247	266	270	251	252	166	166	184	192	259	259	
Co17-56	1	1	184	194	162	164	134	136	196	214	164	180	241	241	270	274	251	251	166	166	194	215	255	257	
Co17-57	1	1	176	178	160	170	134	134	172	212	162	162	241	241	270	270	252	254	166	166	192	200	257	261	
Co17-58	1	1	176	176	156	168	134	134	192	230	162	166	243	251	270	270	250	251	166	166	178	178	255	257	
Co17-60	1	1	172	180	155	170	134	136	184	220	156	166	241	243	270	270	251	252	166	166	188	188	257	259	
Co17-62	1	1	178	190	158	158	134	134	186	192	162	166	241	255	270	270	251	251	166	168	192	198	255	263	
Co17-65	1	1	176	190	155	156	132	134	176	224	160	166	241	241	270	270	251	252	168	168	196	200	259	265	
Co17-67	1	1	174	180	158	174	134	134	192	208	166	172	241	251	270	270	250	251	166	168	196	198	255	255	
Co17-68	1	1	174	176	156	160	134	134	200	216	158	162	249	249	270	270	251	252	166	166	180	180	255	261	
Co17-69	1	1	176	178	156	164	134	134	180	184	166	168	249	249	266	270	251	252	166	168	188	192	255	257	
Co17-70	1	1	176	190	143	143	134	136	172	194	160	164	241	249	266	270	250	251	166	166	194	198	249	257	
Co17-73	1	1	174	174	162	162	134	134	184	214	156	162	247	251	274	274	250	252	166	166	188	200	249	255	
Co17-74	1	1	176	186	156	160	134	134	180	194	166	168	241	255	270	270	250	251	166	168	192	196	255	257	
Co17-75	1	1	172	176	147	153	134	134	172	172	154	168	237	237	270	270	250	252	166	168	192	192	257	261	
Co17-76	1	1	178	192	151	162	134	136	174	186	166	168	237	249	262	270	250	252	166	166	192	200	255	255	
Co17-77	1	1	178	178	149	168	134	136	178	178	162	170	237	239	270	270	251	251	166	168	182	196	255	257	
Co17-78	1	1	178	198	156	164	132	134	176	192	156	168	237	255	262	270	250	251	166	168	184	184	251	267	
Co17-79	1	1	174	174	156	162	134	136	184	184	152	168	241	251	242	270	246	251	166	168	192	213	255	257	
Co17-80	1	1	174	188	156	158	134	136	176	184	130	152	245	249	262	270	250	251	166	166	198	202	249	259	
Co17-82	1	1	174	196	156	160	134	136	170	192	164	180	237	241	270	270	250	251	166	166	190	194	253	257	
