   Co09-CO13  1 0.4505 0.5495 
   Co09-SC01  1 0.4338 0.5662 
   Co09-SC02  1 0.4590 0.5410 
   Co09-SC03  1 0.4955 0.5045 
   Co09-SC04  1 0.5141 0.4859 
   Co09-SC05  1 0.5694 0.4306 
   Co09-SC06  1 0.4647 0.5353 
   Co09-SC07  1 0.5776 0.4224 
   Co09-SC08  1 0.5232 0.4768 
   Co09-SC10  1 0.4781 0.5219 
   Co09-SC11  1 0.4177 0.5823 
   Co09-SC12  1 0.4956 0.5044 
   Co09-SC14  1 0.5143 0.4857 
   Co09-SC15  1 0.5439 0.4561 
   Co09-SC16  1 0.4235 0.5765 
   Co09-SC18  1 0.4962 0.5038 
   Co09-SC19  1 0.4739 0.5261 
   Co09-SC20  1 0.4745 0.5255 
   Co09-SC21  1 0.4353 0.5647 
   Co09-SC23  1 0.5043 0.4957 
   Co09-SC24  1 0.5345 0.4655 
   Co09-SC25  1 0.5115 0.4885 
   Co09-SC27  1 0.4139 0.5861 
   Co09-SC28  1 0.4547 0.5453 
   Co09-SC29  1 0.4394 0.5606 
   Co09-SC30  1 0.5971 0.4029 
   Co09-SC31  1 0.4785 0.5215 
   Co09-SF05  1 0.4948 0.5052 
   Co09-SF08  1 0.5072 0.4928 
   Co09-SF12  1 0.4872 0.5128 
   Co09-SF13  1 0.4781 0.5219 
   Co09-SF15  1 0.5240 0.4760 
   Co09-SF16  1 0.4705 0.5295 
   Co09-SF20  1 0.4668 0.5332 
   Co09-SF21  1 0.5654 0.4346 
   Co09-SF22  1 0.4204 0.5796 
   Co09-SF24  1 0.5804 0.4196 
   Co09-SF25  1 0.5780 0.4220 
   Co09-SF27  1 0.5549 0.4451 
   Co09-SF28  1 0.5348 0.4652 
   Co09-SF29  1 0.5150 0.4850 
   Co09-SF30  1 0.5308 0.4692 
  Co09-SF301  1 0.4839 0.5161 
  Co09-SF302  1 0.4997 0.5003 
  Co09-SF303  1 0.5088 0.4912 
  Co09-SF304  1 0.5094 0.4906 
  Co09-SF307  1 0.5612 0.4388 
  Co09-SF308  1 0.4890 0.5110 
  Co09-SF309  1 0.4606 0.5394 
  Co09-SF310  1 0.4747 0.5253 
  Co09-SF311  1 0.4867 0.5133 
  Co09-SF324  1 0.4766 0.5234 
  Co09-SF328  1 0.5204 0.4796 
  Co09-SF331  1 0.4613 0.5387 
  Co09-SF335  1 0.4311 0.5689 
  Co09-SF341  1 0.4238 0.5762 
  Co09-SF349  1 0.4707 0.5293 
   Co10-SF50  1 0.5017 0.4983 
   Co13-2082  1 0.5782 0.4218 
   Co13-2084  1 0.5501 0.4499 
   Co13-2085  1 0.4346 0.5654 
   Co13-2086  1 0.5427 0.4573 
   Co13-2087  1 0.5083 0.4917 
   Co13-2092  1 0.5022 0.4978 
   Co13-2093  1 0.5655 0.4345 
   Co13-2097  1 0.4250 0.5750 
   Co13-2098  1 0.4960 0.5040 
   Co13-2099  1 0.5288 0.4712 
   Co13-2100  1 0.5107 0.4893 
   Co13-2101  1 0.4223 0.5777 
   Co13-2102  1 0.5209 0.4791 
   Co13-2103  1 0.4942 0.5058 
   Co13-2104  1 0.5852 0.4148 
   Co13-2105  1 0.4839 0.5161 
   Co13-2106  1 0.5462 0.4538 
   Co13-2107  1 0.4852 0.5148 
   Co13-2108  1 0.5483 0.4517 
   Co13-2109  1 0.5259 0.4741 
   Co13-2110  1 0.4647 0.5353 
   Co13-2111  1 0.4941 0.5059 
   Co13-2112  1 0.4852 0.5148 
   Co13-2114  1 0.5115 0.4885 
   Co13-2115  1 0.5084 0.4916 
   Co13-2116  1 0.4315 0.5685 
   Co13-2117  1 0.4569 0.5431 
   Co13-2119  1 0.4204 0.5796 
   Co13-2120  1 0.5161 0.4839 
   Co13-2121  1 0.4627 0.5373 
   Co13-2122  1 0.4656 0.5344 
   Co13-2123  1 0.5029 0.4971 
   Co13-2124  1 0.5887 0.4113 
   Co13-2125  1 0.5189 0.4811 
   Co13-2126  1 0.5041 0.4959 
   Co13-2127  1 0.5105 0.4895 
   Co13-2128  1 0.5145 0.4855 
   Co13-2129  1 0.4690 0.5310 
   Co13-2130  1 0.4648 0.5352 
   Co13-2131  1 0.5189 0.4811 
   Co13-2132  1 0.5178 0.4822 
   Co13-2133  1 0.4893 0.5107 
   Co13-2134  1 0.5129 0.4871 
   Co13-2135  1 0.5086 0.4914 
   Co13-2136  1 0.5385 0.4615 
   Co13-2137  1 0.5600 0.4400 
   Co13-2139  1 0.5228 0.4772 
   Co13-2140  1 0.5549 0.4451 
   Co13-2141  1 0.4125 0.5875 
   Co13-2142  1 0.4838 0.5162 
   Co13-2143  1 0.4715 0.5285 
   Co13-2144  1 0.5455 0.4545 
   Co13-2145  1 0.5076 0.4924 
   Co13-2146  1 0.5533 0.4467 
   Co13-2147  1 0.4294 0.5706 
   Co13-2149  1 0.5144 0.4856 
   Co13-2150  1 0.4570 0.5430 
   Co13-2184  1 0.5342 0.4658 
    Co13-Tg1  1 0.4587 0.5413 
     Co17-01  1 0.5246 0.4754 
     Co17-02  1 0.4447 0.5553 
     Co17-03  1 0.4930 0.5070 
     Co17-04  1 0.5474 0.4526 
     Co17-05  1 0.4855 0.5145 
     Co17-06  1 0.4905 0.5095 
     Co17-07  1 0.5223 0.4777 
     Co17-08  1 0.5112 0.4888 
     Co17-09  1 0.4594 0.5406 
     Co17-10  1 0.5271 0.4729 
     Co17-11  1 0.4365 0.5635 
     Co17-12  1 0.5199 0.4801 
     Co17-13  1 0.5186 0.4814 
     Co17-14  1 0.5489 0.4511 
     Co17-15  1 0.5085 0.4915 
     Co17-16  1 0.5131 0.4869 
     Co17-17  1 0.5118 0.4882 
     Co17-18  1 0.5052 0.4948 
     Co17-19  1 0.5308 0.4692 
     Co17-20  1 0.4914 0.5086 
     Co17-21  1 0.5333 0.4667 
     Co17-22  1 0.5456 0.4544 
     Co17-23  1 0.5556 0.4444 
     Co17-24  1 0.5488 0.4512 
     Co17-25  1 0.4590 0.5410 
     Co17-26  1 0.4995 0.5005 
     Co17-27  1 0.5308 0.4692 
     Co17-28  1 0.5286 0.4714 
     Co17-29  1 0.5295 0.4705 
     Co17-30  1 0.5180 0.4820 
     Co17-31  1 0.5242 0.4758 
     Co17-32  1 0.5551 0.4449 
     Co17-34  1 0.5208 0.4792 
     Co17-35  1 0.5022 0.4978 
     Co17-36  1 0.5145 0.4855 
     Co17-37  1 0.4846 0.5154 
     Co17-38  1 0.5156 0.4844 
     Co17-39  1 0.4389 0.5611 
     Co17-40  1 0.5756 0.4244 
     Co17-41  1 0.5176 0.4824 
     Co17-43  1 0.5087 0.4913 
     Co17-46  1 0.4783 0.5217 
     Co17-47  1 0.5310 0.4690 
     Co17-48  1 0.5209 0.4791 
     Co17-49  1 0.4961 0.5039 
     Co17-50  1 0.5297 0.4703 
     Co17-51  1 0.5055 0.4945 
     Co17-52  1 0.5547 0.4453 
     Co17-53  1 0.5372 0.4628 
     Co17-54  1 0.5489 0.4511 
     Co17-55  1 0.4741 0.5259 
     Co17-56  1 0.4076 0.5924 
     Co17-57  1 0.4765 0.5235 
     Co17-58  1 0.4885 0.5115 
     Co17-60  1 0.4077 0.5923 
     Co17-62  1 0.5316 0.4684 
     Co17-65  1 0.4165 0.5835 
     Co17-67  1 0.4968 0.5032 
     Co17-68  1 0.4586 0.5414 
     Co17-69  1 0.5744 0.4256 
     Co17-70  1 0.4240 0.5760 
     Co17-73  1 0.4581 0.5419 
     Co17-74  1 0.5577 0.4423 
     Co17-75  1 0.5223 0.4777 
     Co17-76  1 0.5274 0.4726 
     Co17-77  1 0.4506 0.5494 
     Co17-78  1 0.4208 0.5792 
     Co17-79  1 0.5157 0.4843 
     Co17-80  1 0.4114 0.5886 
     Co17-82  1 0.5053 0.4947 
