   Co09-CO13  1 0.5385 0.4615 
   Co09-SC01  1 0.5478 0.4522 
   Co09-SC02  1 0.5342 0.4658 
   Co09-SC03  1 0.5009 0.4991 
   Co09-SC04  1 0.4897 0.5103 
   Co09-SC05  1 0.4462 0.5538 
   Co09-SC06  1 0.5242 0.4758 
   Co09-SC07  1 0.4405 0.5595 
   Co09-SC08  1 0.4893 0.5107 
   Co09-SC10  1 0.5174 0.4826 
   Co09-SC11  1 0.5633 0.4367 
   Co09-SC12  1 0.5082 0.4918 
   Co09-SC14  1 0.4926 0.5074 
   Co09-SC15  1 0.4661 0.5339 
   Co09-SC16  1 0.5580 0.4420 
   Co09-SC18  1 0.4988 0.5012 
   Co09-SC19  1 0.5241 0.4759 
   Co09-SC20  1 0.5167 0.4833 
   Co09-SC21  1 0.5436 0.4564 
   Co09-SC23  1 0.4941 0.5059 
   Co09-SC24  1 0.4642 0.5358 
   Co09-SC25  1 0.4870 0.5130 
   Co09-SC27  1 0.5706 0.4294 
   Co09-SC28  1 0.5343 0.4657 
   Co09-SC29  1 0.5478 0.4522 
   Co09-SC30  1 0.4261 0.5739 
   Co09-SC31  1 0.5135 0.4865 
   Co09-SF05  1 0.5068 0.4932 
   Co09-SF08  1 0.4961 0.5039 
   Co09-SF12  1 0.5095 0.4905 
   Co09-SF13  1 0.5163 0.4837 
   Co09-SF15  1 0.4880 0.5120 
   Co09-SF16  1 0.5271 0.4729 
   Co09-SF20  1 0.5244 0.4756 
   Co09-SF21  1 0.4478 0.5522 
   Co09-SF22  1 0.5631 0.4369 
   Co09-SF24  1 0.4355 0.5645 
   Co09-SF25  1 0.4407 0.5593 
   Co09-SF27  1 0.4576 0.5424 
   Co09-SF28  1 0.4706 0.5294 
   Co09-SF29  1 0.4910 0.5090 
   Co09-SF30  1 0.4823 0.5177 
  Co09-SF301  1 0.5128 0.4872 
  Co09-SF302  1 0.4922 0.5078 
  Co09-SF303  1 0.4903 0.5097 
  Co09-SF304  1 0.4935 0.5065 
  Co09-SF307  1 0.4538 0.5462 
  Co09-SF308  1 0.5070 0.4930 
  Co09-SF309  1 0.5290 0.4710 
  Co09-SF310  1 0.5172 0.4828 
  Co09-SF311  1 0.5144 0.4856 
  Co09-SF324  1 0.5221 0.4779 
  Co09-SF328  1 0.4886 0.5114 
  Co09-SF331  1 0.5270 0.4730 
  Co09-SF335  1 0.5608 0.4392 
  Co09-SF341  1 0.5598 0.4402 
  Co09-SF349  1 0.5276 0.4724 
   Co10-SF50  1 0.5003 0.4997 
   Co13-2082  1 0.4376 0.5624 
   Co13-2084  1 0.4636 0.5364 
   Co13-2085  1 0.5436 0.4564 
   Co13-2086  1 0.4642 0.5358 
   Co13-2087  1 0.4965 0.5035 
   Co13-2092  1 0.4962 0.5038 
   Co13-2093  1 0.4510 0.5490 
   Co13-2097  1 0.5599 0.4401 
   Co13-2098  1 0.5009 0.4991 
   Co13-2099  1 0.4860 0.5140 
   Co13-2100  1 0.5001 0.4999 
   Co13-2101  1 0.5579 0.4421 
   Co13-2102  1 0.4846 0.5154 
   Co13-2103  1 0.4996 0.5004 
   Co13-2104  1 0.4322 0.5678 
   Co13-2105  1 0.5093 0.4907 
   Co13-2106  1 0.4623 0.5377 
   Co13-2107  1 0.5069 0.4931 
   Co13-2108  1 0.4654 0.5346 
   Co13-2109  1 0.4818 0.5182 
   Co13-2110  1 0.5335 0.4665 
   Co13-2111  1 0.5052 0.4948 
   Co13-2112  1 0.5116 0.4884 
   Co13-2114  1 0.4921 0.5079 
   Co13-2115  1 0.4964 0.5036 
   Co13-2116  1 0.5480 0.4520 
   Co13-2117  1 0.5411 0.4589 
   Co13-2119  1 0.5637 0.4363 
   Co13-2120  1 0.4906 0.5094 
   Co13-2121  1 0.5298 0.4702 
   Co13-2122  1 0.5304 0.4696 
   Co13-2123  1 0.5010 0.4990 
   Co13-2124  1 0.4273 0.5727 
   Co13-2125  1 0.4845 0.5155 
   Co13-2126  1 0.4948 0.5052 
   Co13-2127  1 0.4884 0.5116 
   Co13-2128  1 0.4884 0.5116 
   Co13-2129  1 0.5255 0.4745 
   Co13-2130  1 0.5301 0.4699 
   Co13-2131  1 0.4923 0.5077 
   Co13-2132  1 0.4892 0.5108 
   Co13-2133  1 0.5097 0.4903 
   Co13-2134  1 0.4934 0.5066 
   Co13-2135  1 0.4883 0.5117 
   Co13-2136  1 0.4720 0.5280 
   Co13-2137  1 0.4520 0.5480 
   Co13-2139  1 0.4849 0.5151 
   Co13-2140  1 0.4581 0.5419 
   Co13-2141  1 0.5584 0.4416 
   Co13-2142  1 0.5064 0.4936 
   Co13-2143  1 0.5222 0.4778 
   Co13-2144  1 0.4639 0.5361 
   Co13-2145  1 0.4954 0.5046 
   Co13-2146  1 0.4624 0.5376 
   Co13-2147  1 0.5543 0.4457 
   Co13-2149  1 0.4888 0.5112 
   Co13-2150  1 0.5318 0.4682 
   Co13-2184  1 0.4691 0.5309 
    Co13-Tg1  1 0.5275 0.4725 
     Co17-01  1 0.4811 0.5189 
     Co17-02  1 0.5520 0.4480 
     Co17-03  1 0.5015 0.4985 
     Co17-04  1 0.4634 0.5366 
     Co17-05  1 0.5128 0.4872 
     Co17-06  1 0.5096 0.4904 
     Co17-07  1 0.4904 0.5096 
     Co17-08  1 0.4936 0.5064 
     Co17-09  1 0.5254 0.4746 
     Co17-10  1 0.4801 0.5199 
     Co17-11  1 0.5500 0.4500 
     Co17-12  1 0.4890 0.5110 
     Co17-13  1 0.4883 0.5117 
     Co17-14  1 0.4601 0.5399 
     Co17-15  1 0.4908 0.5092 
     Co17-16  1 0.4892 0.5108 
     Co17-17  1 0.4930 0.5070 
     Co17-18  1 0.4956 0.5044 
     Co17-19  1 0.4770 0.5230 
     Co17-20  1 0.5157 0.4843 
     Co17-21  1 0.4773 0.5227 
     Co17-22  1 0.4670 0.5330 
     Co17-23  1 0.4575 0.5425 
     Co17-24  1 0.4615 0.5385 
     Co17-25  1 0.5288 0.4712 
     Co17-26  1 0.5013 0.4987 
     Co17-27  1 0.4762 0.5238 
     Co17-28  1 0.4800 0.5200 
     Co17-29  1 0.4807 0.5193 
     Co17-30  1 0.4823 0.5177 
     Co17-31  1 0.4828 0.5172 
     Co17-32  1 0.4568 0.5432 
     Co17-34  1 0.4814 0.5186 
     Co17-35  1 0.4925 0.5075 
     Co17-36  1 0.4892 0.5108 
     Co17-37  1 0.5192 0.4808 
     Co17-38  1 0.4919 0.5081 
     Co17-39  1 0.5444 0.4556 
     Co17-40  1 0.4447 0.5553 
     Co17-41  1 0.4865 0.5135 
     Co17-43  1 0.5000 0.5000 
     Co17-46  1 0.5151 0.4849 
     Co17-47  1 0.4756 0.5244 
     Co17-48  1 0.4858 0.5142 
     Co17-49  1 0.5028 0.4972 
     Co17-50  1 0.4735 0.5265 
     Co17-51  1 0.4979 0.5021 
     Co17-52  1 0.4636 0.5364 
     Co17-53  1 0.4634 0.5366 
     Co17-54  1 0.4647 0.5353 
     Co17-55  1 0.5171 0.4829 
     Co17-56  1 0.5719 0.4281 
     Co17-57  1 0.5207 0.4793 
     Co17-58  1 0.5096 0.4904 
     Co17-60  1 0.5693 0.4307 
     Co17-62  1 0.4779 0.5221 
     Co17-65  1 0.5661 0.4339 
     Co17-67  1 0.5034 0.4966 
     Co17-68  1 0.5310 0.4690 
     Co17-69  1 0.4439 0.5561 
     Co17-70  1 0.5593 0.4407 
     Co17-73  1 0.5330 0.4670 
     Co17-74  1 0.4581 0.5419 
     Co17-75  1 0.4809 0.5191 
     Co17-76  1 0.4784 0.5216 
     Co17-77  1 0.5431 0.4569 
     Co17-78  1 0.5618 0.4382 
     Co17-79  1 0.4868 0.5132 
     Co17-80  1 0.5667 0.4333 
     Co17-82  1 0.5023 0.4977 
