   Co09-CO13  1 0.5524 0.4476 
   Co09-SC01  1 0.5644 0.4356 
   Co09-SC02  1 0.5428 0.4572 
   Co09-SC03  1 0.5011 0.4989 
   Co09-SC04  1 0.4874 0.5126 
   Co09-SC05  1 0.4324 0.5676 
   Co09-SC06  1 0.5311 0.4689 
   Co09-SC07  1 0.4179 0.5821 
   Co09-SC08  1 0.4757 0.5243 
   Co09-SC10  1 0.5239 0.4761 
   Co09-SC11  1 0.5921 0.4079 
   Co09-SC12  1 0.5066 0.4934 
   Co09-SC14  1 0.4856 0.5144 
   Co09-SC15  1 0.4558 0.5442 
   Co09-SC16  1 0.5782 0.4218 
   Co09-SC18  1 0.5067 0.4933 
   Co09-SC19  1 0.5267 0.4733 
   Co09-SC20  1 0.5231 0.4769 
   Co09-SC21  1 0.5645 0.4355 
   Co09-SC23  1 0.4941 0.5059 
   Co09-SC24  1 0.4648 0.5352 
   Co09-SC25  1 0.4903 0.5097 
   Co09-SC27  1 0.5941 0.4059 
   Co09-SC28  1 0.5437 0.4563 
   Co09-SC29  1 0.5590 0.4410 
   Co09-SC30  1 0.4006 0.5994 
   Co09-SC31  1 0.5164 0.4836 
   Co09-SF05  1 0.5108 0.4892 
   Co09-SF08  1 0.4927 0.5073 
   Co09-SF12  1 0.5146 0.4854 
   Co09-SF13  1 0.5224 0.4776 
   Co09-SF15  1 0.4790 0.5210 
   Co09-SF16  1 0.5340 0.4660 
   Co09-SF20  1 0.5313 0.4687 
   Co09-SF21  1 0.4299 0.5701 
   Co09-SF22  1 0.5826 0.4174 
   Co09-SF24  1 0.4139 0.5861 
   Co09-SF25  1 0.4193 0.5807 
   Co09-SF27  1 0.4435 0.5565 
   Co09-SF28  1 0.4609 0.5391 
   Co09-SF29  1 0.4837 0.5163 
   Co09-SF30  1 0.4741 0.5259 
  Co09-SF301  1 0.5162 0.4838 
  Co09-SF302  1 0.4998 0.5002 
  Co09-SF303  1 0.4916 0.5084 
  Co09-SF304  1 0.4910 0.5090 
  Co09-SF307  1 0.4394 0.5606 
  Co09-SF308  1 0.5080 0.4920 
  Co09-SF309  1 0.5423 0.4577 
  Co09-SF310  1 0.5290 0.4710 
  Co09-SF311  1 0.5174 0.4826 
  Co09-SF324  1 0.5260 0.4740 
  Co09-SF328  1 0.4811 0.5189 
  Co09-SF331  1 0.5400 0.4600 
  Co09-SF335  1 0.5714 0.4286 
  Co09-SF341  1 0.5741 0.4259 
  Co09-SF349  1 0.5363 0.4637 
   Co10-SF50  1 0.5029 0.4971 
   Co13-2082  1 0.4193 0.5807 
   Co13-2084  1 0.4467 0.5533 
   Co13-2085  1 0.5649 0.4351 
   Co13-2086  1 0.4565 0.5435 
   Co13-2087  1 0.4922 0.5078 
   Co13-2092  1 0.5010 0.4990 
   Co13-2093  1 0.4290 0.5710 
   Co13-2097  1 0.5766 0.4234 
   Co13-2098  1 0.5045 0.4955 
   Co13-2099  1 0.4741 0.5259 
   Co13-2100  1 0.4846 0.5154 
   Co13-2101  1 0.5821 0.4179 
   Co13-2102  1 0.4838 0.5162 
   Co13-2103  1 0.5060 0.4940 
   Co13-2104  1 0.4095 0.5905 
   Co13-2105  1 0.5171 0.4829 
   Co13-2106  1 0.4476 0.5524 
   Co13-2107  1 0.5205 0.4795 
   Co13-2108  1 0.4535 0.5465 
   Co13-2109  1 0.4844 0.5156 
   Co13-2110  1 0.5369 0.4631 
   Co13-2111  1 0.5079 0.4921 
   Co13-2112  1 0.5119 0.4881 
   Co13-2114  1 0.4873 0.5127 
   Co13-2115  1 0.4946 0.5054 
   Co13-2116  1 0.5710 0.4290 
   Co13-2117  1 0.5462 0.4538 
   Co13-2119  1 0.5879 0.4121 
   Co13-2120  1 0.4898 0.5102 
   Co13-2121  1 0.5390 0.4610 
   Co13-2122  1 0.5384 0.4616 
   Co13-2123  1 0.4940 0.5060 
   Co13-2124  1 0.4081 0.5919 
   Co13-2125  1 0.4795 0.5205 
   Co13-2126  1 0.4940 0.5060 
   Co13-2127  1 0.4933 0.5067 
   Co13-2128  1 0.4844 0.5156 
   Co13-2129  1 0.5363 0.4637 
   Co13-2130  1 0.5330 0.4670 
   Co13-2131  1 0.4805 0.5195 
   Co13-2132  1 0.4783 0.5217 
   Co13-2133  1 0.5108 0.4892 
   Co13-2134  1 0.4897 0.5103 
   Co13-2135  1 0.4885 0.5115 
   Co13-2136  1 0.4608 0.5392 
   Co13-2137  1 0.4371 0.5629 
   Co13-2139  1 0.4728 0.5272 
   Co13-2140  1 0.4410 0.5590 
   Co13-2141  1 0.5863 0.4137 
   Co13-2142  1 0.5168 0.4832 
   Co13-2143  1 0.5300 0.4700 
   Co13-2144  1 0.4554 0.5446 
   Co13-2145  1 0.4953 0.5047 
   Co13-2146  1 0.4454 0.5546 
   Co13-2147  1 0.5709 0.4291 
   Co13-2149  1 0.4856 0.5144 
   Co13-2150  1 0.5466 0.4534 
   Co13-2184  1 0.4654 0.5346 
    Co13-Tg1  1 0.5440 0.4560 
     Co17-01  1 0.4686 0.5314 
     Co17-02  1 0.5613 0.4387 
     Co17-03  1 0.5057 0.4943 
     Co17-04  1 0.4516 0.5484 
     Co17-05  1 0.5177 0.4823 
     Co17-06  1 0.5123 0.4877 
     Co17-07  1 0.4779 0.5221 
     Co17-08  1 0.4899 0.5101 
     Co17-09  1 0.5389 0.4611 
     Co17-10  1 0.4703 0.5297 
     Co17-11  1 0.5638 0.4362 
     Co17-12  1 0.4781 0.5219 
     Co17-13  1 0.4851 0.5149 
     Co17-14  1 0.4490 0.5510 
     Co17-15  1 0.4894 0.5106 
     Co17-16  1 0.4873 0.5127 
     Co17-17  1 0.4886 0.5114 
     Co17-18  1 0.5004 0.4996 
     Co17-19  1 0.4680 0.5320 
     Co17-20  1 0.5099 0.4901 
     Co17-21  1 0.4622 0.5378 
     Co17-22  1 0.4548 0.5452 
     Co17-23  1 0.4424 0.5576 
     Co17-24  1 0.4475 0.5525 
     Co17-25  1 0.5487 0.4513 
     Co17-26  1 0.4970 0.5030 
     Co17-27  1 0.4670 0.5330 
     Co17-28  1 0.4680 0.5320 
     Co17-29  1 0.4709 0.5291 
     Co17-30  1 0.4832 0.5168 
     Co17-31  1 0.4749 0.5251 
     Co17-32  1 0.4451 0.5549 
     Co17-34  1 0.4813 0.5187 
     Co17-35  1 0.5011 0.4989 
     Co17-36  1 0.4802 0.5198 
     Co17-37  1 0.5210 0.4790 
     Co17-38  1 0.4873 0.5127 
     Co17-39  1 0.5678 0.4322 
     Co17-40  1 0.4230 0.5770 
     Co17-41  1 0.4853 0.5147 
     Co17-43  1 0.4940 0.5060 
     Co17-46  1 0.5202 0.4798 
     Co17-47  1 0.4684 0.5316 
     Co17-48  1 0.4754 0.5246 
     Co17-49  1 0.5049 0.4951 
     Co17-50  1 0.4720 0.5280 
     Co17-51  1 0.4914 0.5086 
     Co17-52  1 0.4429 0.5571 
     Co17-53  1 0.4618 0.5382 
     Co17-54  1 0.4449 0.5551 
     Co17-55  1 0.5269 0.4731 
     Co17-56  1 0.5941 0.4059 
     Co17-57  1 0.5262 0.4738 
     Co17-58  1 0.5145 0.4855 
     Co17-60  1 0.5983 0.4017 
     Co17-62  1 0.4691 0.5309 
     Co17-65  1 0.5908 0.4092 
     Co17-67  1 0.5058 0.4942 
     Co17-68  1 0.5448 0.4552 
     Co17-69  1 0.4275 0.5725 
     Co17-70  1 0.5818 0.4182 
     Co17-73  1 0.5408 0.4592 
     Co17-74  1 0.4428 0.5572 
     Co17-75  1 0.4788 0.5212 
     Co17-76  1 0.4684 0.5316 
     Co17-77  1 0.5541 0.4459 
     Co17-78  1 0.5788 0.4212 
     Co17-79  1 0.4839 0.5161 
     Co17-80  1 0.5928 0.4072 
     Co17-82  1 0.4953 0.5047 
