-1841191644
-1177083860
597080725
544852465
1957821667
2076466100
-1806703181
-1207043900
-878551567
882786773
1428824563
-688424009
-371188472
-1177479011
476855028
-1388808116
233017224
2088662834
1924242619
-111138924
-82266911
985174824
-955735980
1482752018
1002809872
1479758894
-1044600125
-280772321
-348065708
-180058157
-627020425
-1126631480
373982090
1508231984
1038374725
-397601745
1560923216
515261992
-227460568
1103251976
-1865999709
-493844915
-1904322642
1819449773
1019693629
24824793
607138089
-1552192512
-2117923323
-777905230
1089916709
830174929
350261971
-870925215
870339352
-539290020
856189454
1526579485
-696058589
-884461665
-1791378004
-1916127469
-1755337801
-2884367
-1016926097
1609329053
-369288248
-2067459944
529975212
-1170817337
-1220580454
403389315
-223893295
523069841
-1104419925
-1026327666
1900438116
405828675
286499459
-215059358
144157423
-209895592
182312226
-1132134288
-148144704
2131826745
-1993705470
-910489450
1552921880
1317226875
-275202129
580627395
761734690
-2042339135
-495128450
-109124849
2007971753
-1640822570
54
