0.6421522 6.622669
0.6498336 6.68165
0.6533042 6.682499
0.6587947 6.248634
0.6599997 6.603962
0.6620892 6.692564
0.663872 5.930426
0.6649566 5.948999
0.6670084 7.691638
0.6694578 7.719827
0.6698523 8.276296
0.6747381 5.727057
0.6751342 6.051954
0.684833 5.401589
0.6894939 6.803307
0.6897322 6.156601
0.6897528 6.226439
0.690968 8.067287
0.6914954 6.107434
0.6917143 7.05898
0.6922737 5.703265
0.6936383 7.05898
0.6942875 6.420144
0.6964683 5.742775
0.6988308 5.955538
0.6998792 6.891346
0.699986 5.294013
0.7004027 6.971825
0.7019747 6.690583
0.7036699 6.432951
0.7042482 6.583515
0.7044896 7.216285
0.7056236 6.65413
0.7075606 8.195453
0.7076365 7.616828
0.7077722 6.772352
0.7111224 6.020624
0.7121591 8.415336
0.7129423 6.678984
0.7143114 5.443125
0.7158695 6.729149
0.7160107 6.186089
0.7168639 6.752701
0.7172093 6.408104
0.7177012 7.278326
0.7191115 5.730053
0.719876 6.533414
0.7201739 6.009639
0.7213059 8.322601
0.7218436 4.804472
0.7220623 5.339799
0.7225307 4.92732
0.7225366 5.38008
0.7230259 6.459312
0.7234712 7.21692
0.7246965 4.542944
0.7249411 6.411683
0.7257813 6.286068
0.7297563 7.008591
0.7301605 5.794099
0.7305582 5.775631
0.7312415 6.772321
0.7314977 4.762036
0.731957 5.598552
0.7327679 5.325962
0.7328201 6.22088
0.733234 4.987179
0.7334543 5.403388
0.7341114 5.266728
0.7348444 6.348477
0.7356031 7.639447
0.7359127 7.05898
0.7359307 7.825726
0.7360054 7.562367
0.7383804 6.564158
0.7389195 6.03481
0.7401135 8.071396
0.7402588 6.019826
0.7411779 6.279117
0.7435159 5.064687
0.7441284 6.361582
0.7445484 7.05898
0.7462214 5.022575
0.7467131 7.690983
0.7475828 7.16156
0.747802 7.847037
0.7478169 4.214273
0.7480053 5.845249
0.748189 5.949876
0.7488913 6.8335
0.7499753 5.28585
0.7502556 5.84465
0.7505952 5.845652
0.7506678 4.778384
0.7531716 8.217512
0.7532878 6.231254
0.7540244 5.848625
0.7545654 6.415023
0.7546372 7.997152
0.7557252 6.580475
0.7557735 8.049905
0.7559485 6.80489
0.7566065 4.931789
0.7567417 6.167297
0.7572039 8.163197
0.7574307 4.664771
0.7579536 5.91914
0.7586972 5.248727
0.7600809 4.047768
0.7601258 5.071526
0.7607583 6.751998
0.7609648 4.91852
0.7612444 7.627242
0.7634035 5.839653
0.7637794 6.813864
0.7639479 5.840684
0.7646328 5.862927
0.7655584 7.05898
0.7656715 4.711958
0.7664296 7.086275
0.7678339 6.80903
0.768717 4.674793
0.7687615 5.585097
0.7694481 6.524889
0.7720625 5.431
0.7741071 4.834261
0.7749114 4.961632
0.7756701 5.392919
0.7758867 5.114988
0.7759568 5.568765
0.7769393 5.69869
0.777174 4.804472
0.7773023 5.750073
0.7782396 5.954091
0.7786268 7.00963
0.7787946 4.681919
0.7802027 6.434991
0.7809218 7.033818
0.7818013 3.957614
0.7818738 6.539562
0.7824717 4.819543
0.7833604 6.113904
0.7834521 5.514656
0.7835776 5.885897
0.7837261 7.269181
0.7846664 5.103
0.7863313 5.876884
0.7863567 5.955293
0.7866107 4.11087
0.7868148 4.730493
0.7870273 5.38875
0.7870603 6.97534
0.7873973 4.665278
0.788221 4.990924
0.7886747 5.23932
0.7890727 5.480694
0.7900538 4.719454
0.7904273 5.743152
0.7912003 4.108328
0.7912047 7.02158
0.7913701 7.315887
0.7918469 6.299789
0.7926777 7.838287
0.7927657 4.443719
0.7936599 4.240213
0.79397 4.377885
0.7939727 4.036933
0.7945636 6.515059
0.7950341 5.64205
0.7953884 7.228137
0.7956815 6.965481
0.7956913 4.698949
0.7966344 6.544315
0.7969238 6.941722
0.7974197 6.681274
0.7974873 5.238169
0.7986932 4.992774
0.7989161 5.766617
0.8001477 7.188444
0.8003233 6.512728
0.8008791 6.997355
0.8018092 6.19875
0.8021915 7.05898
0.8027071 6.168845
0.8033095 5.060458
0.8036848 6.552157
0.8042976 5.384271
0.8056575 6.173631
0.8065292 5.178601
0.8068952 7.33006
0.8072866 7.179151
0.8075593 6.433768
0.8081035 5.590442
0.8083689 5.920583
0.8088 5.980233
0.8095715 5.277028
0.8097131 5.602279
0.8120131 7.046896
0.8124704 4.651447
0.8135725 7.303355
0.8142549 5.526895
0.8144977 5.647699
0.8163506 5.611802
0.8192137 4.804472
0.8210446 5.947195
0.8210616 6.748922
0.8221058 5.313393
0.8222025 6.759644
0.8228347 4.331806
0.8234581 5.543713
0.8242156 4.804472
0.8243425 5.863951
0.8245425 5.170598
0.8248759 4.84183
0.8250474 5.668324
0.8255065 4.44838
0.8259328 5.224586
0.8261552 5.140564
0.8270368 4.736694
0.8271714 5.116659
0.8317005 5.254862
0.8318055 6.719846
0.8322353 4.718297
0.8335561 5.540616
0.8337318 5.390881
0.834368 5.118498
0.8345875 6.005708
0.835135 5.95484
0.8360128 5.75363
0.836099 5.787719
0.8379829 5.466704
0.838899 5.91742
0.8392848 6.233919
0.8397771 6.211582
0.8408174 4.067752
0.840855 5.653384
0.8422259 5.281292
0.8441767 4.804472
0.8443924 6.371511
0.8446769 5.232743
0.8476249 4.347674
0.8486726 4.53232
0.8525697 5.360737
0.8580882 4.802474
0.859566 5.993748
0.8595905 5.584206
0.8600059 4.804472
0.8643469 5.035718
0.8647038 4.742763
0.8696342 5.143692
# initCovFnParam= 0.306164613804124 4.54661980564304 3.75131293090685
