0.6403844 6.619045
0.65253 7.458085
0.6559147 7.693989
0.6624263 7.728988
0.6678202 7.107763
0.6688364 7.116653
0.6710922 8.353728
0.6718462 7.214828
0.6735652 6.262324
0.6756405 7.46937
0.676318 7.158751
0.676752 5.617276
0.6776163 5.891881
0.6780224 6.88238
0.6786868 8.025303
0.6794268 6.231009
0.6796494 7.477921
0.6800176 6.300886
0.6804283 6.226054
0.6823087 7.890456
0.6830402 6.203666
0.6844323 6.896278
0.685045 7.051262
0.6858784 7.242843
0.6859728 5.386984
0.6866844 7.055835
0.6889532 5.50046
0.689665 6.988863
0.6897518 5.519638
0.6898015 5.71785
0.6899829 7.264148
0.6919792 7.17496
0.6931232 7.282183
0.6937883 6.94496
0.6975962 6.016003
0.6979033 7.332644
0.6985844 7.504274
0.7003078 6.790829
0.7008297 4.872368
0.7008839 8.340902
0.7026421 6.755417
0.7028911 7.076606
0.7055754 5.752344
0.7069723 7.0945
0.7071562 7.091888
0.7079037 6.453318
0.7084313 8.291035
0.7109181 5.720711
0.711024 6.318885
0.7117981 6.934505
0.7118833 4.827147
0.7134586 5.340631
0.7135694 6.358898
0.7148252 7.208624
0.7156421 5.376021
0.7162802 6.617708
0.7176791 7.209977
0.7195187 7.617896
0.7198037 5.832979
0.7202785 8.525201
0.7210535 4.63029
0.722322 5.339317
0.7233978 5.749162
0.7237993 5.683769
0.7239748 7.829976
0.7240375 7.165042
0.725205 6.522756
0.7253894 6.637937
0.7259942 5.757196
0.7260699 5.041886
0.7260784 4.516118
0.7281835 6.957725
0.728557 6.415909
0.7288436 6.790635
0.7293006 4.673019
0.7293768 7.339413
0.7295138 5.784788
0.7299144 7.241059
0.7307519 5.938784
0.731396 5.895092
0.7317039 6.326613
0.7318196 6.207382
0.7318968 5.760183
0.7319776 8.441341
0.7332094 4.769206
0.7337724 5.485196
0.7340836 7.32861
0.7346633 4.714647
0.7347664 4.55721
0.7368274 6.042536
0.7370549 8.09062
0.737856 5.709592
0.7401312 5.015744
0.740975 5.846274
0.7409918 5.158333
0.7414709 6.708465
0.7424582 6.779264
0.7432594 7.076606
0.7438472 5.131181
0.7439153 4.289065
0.7439168 6.679751
0.743935 5.785673
0.7442151 6.466249
0.7447338 6.534506
0.7457838 5.875552
0.7466453 8.392204
0.7467883 7.382779
0.7482473 4.992841
0.7497424 6.570586
0.7505501 7.403253
0.7523115 7.076606
0.7525821 5.405054
0.7525917 6.317926
0.7529554 4.827147
0.7530851 7.681888
0.7537542 7.305546
0.7537933 4.375666
0.7542333 7.076606
0.7561092 6.624809
0.7563422 5.658095
0.7574103 6.058072
0.7575871 4.077455
0.7584688 5.806999
0.7594191 6.312092
0.7600997 7.045427
0.7602573 4.184379
0.7615623 6.908908
0.764251 5.402443
0.7643978 4.522377
0.7648826 5.850739
0.7650429 6.350495
0.765218 6.83616
0.7653136 5.836093
0.7655038 6.530839
0.766621 4.783755
0.7678576 7.438055
0.7681761 5.808891
0.768197 4.99564
0.7702521 7.341969
0.7705029 4.290393
0.7714955 5.083321
0.7715234 5.914843
0.7716415 6.292259
0.7726165 4.790281
0.7727439 4.978871
0.7733111 5.360316
0.7734543 7.879748
0.7737459 6.307866
0.7751788 5.840908
0.7758191 6.672867
0.7759756 5.912033
0.7760571 5.851087
0.7760856 7.283491
0.7762956 5.330034
0.776306 7.076606
0.7772214 5.216369
0.7786291 6.686437
0.7786494 6.466036
0.7787191 5.845882
0.7791108 5.748478
0.7797636 5.855258
0.7804588 3.972681
0.7821058 7.652573
0.7833775 5.216908
0.7843328 6.484147
0.7848377 5.591643
0.785806 5.120714
0.7865391 5.955382
0.7871863 4.18498
0.7882536 5.665824
0.7882566 4.839787
0.790856 7.076606
0.7911542 4.827147
0.7917174 5.919763
0.7929726 5.33323
0.794924 5.482711
0.7963513 6.487401
0.7982815 5.966647
0.7982956 4.304085
0.7987542 7.026734
0.7994839 4.51486
0.7995751 6.05121
0.8008202 6.336172
0.8017561 7.657203
0.8022297 6.489659
0.8025818 5.904054
0.8028157 7.534757
0.8032619 7.214668
0.8044061 7.180296
0.8046482 7.081088
0.8052957 5.888777
0.8059479 5.862761
0.8064215 6.258036
0.8064921 5.437585
0.8081039 6.475556
0.8082917 6.514617
0.8101073 5.402303
0.8108495 5.150938
0.812014 6.479242
0.8125906 6.786816
0.8130622 6.917179
0.8159218 5.441608
0.8162402 4.26116
0.8168831 6.170331
0.8183158 4.679602
0.8194079 4.85702
0.8194743 6.630306
0.820414 4.880302
0.8206975 5.662307
0.8207816 6.961678
0.8211238 6.371431
0.8213829 6.534025
0.8229386 5.806097
0.823385 6.47392
0.823564 6.168073
0.8235847 5.34993
0.8239982 5.061175
0.8242954 7.150049
0.8256713 4.827147
0.8259879 5.291331
0.8260966 5.856877
0.8262544 6.77607
0.8268963 5.458202
0.8269149 6.249716
0.8293699 4.911646
0.829883 5.560548
0.8301522 5.174427
0.8340152 5.743313
0.8343185 5.090744
0.8377036 5.724296
0.8383478 4.784392
0.8394451 4.827147
0.8405792 5.355113
0.8432894 5.601643
0.8434415 4.337923
0.8434935 5.55415
0.8438756 5.092153
0.8445326 4.62987
0.84478 5.490947
0.8463435 4.520043
0.8470226 4.201086
0.8486918 6.12796
0.8502023 5.655234
0.8520855 5.02981
0.8548205 4.827147
0.8552009 5.860562
0.8613762 5.068017
0.8668655 5.20402
0.8680426 5.680177
0.8727417 4.745157
# initCovFnParam= 0.363663779632672 5.3460326896136 3.72753557497463
