   Co09-CO13  1 0.4525 0.5475 
   Co09-SC01  1 0.4413 0.5587 
   Co09-SC02  1 0.4601 0.5399 
   Co09-SC03  1 0.4961 0.5039 
   Co09-SC04  1 0.5093 0.4907 
   Co09-SC05  1 0.5630 0.4370 
   Co09-SC06  1 0.4693 0.5307 
   Co09-SC07  1 0.5737 0.4263 
   Co09-SC08  1 0.5204 0.4796 
   Co09-SC10  1 0.4772 0.5228 
   Co09-SC11  1 0.4205 0.5795 
   Co09-SC12  1 0.4930 0.5070 
   Co09-SC14  1 0.5109 0.4891 
   Co09-SC15  1 0.5417 0.4583 
   Co09-SC16  1 0.4212 0.5788 
   Co09-SC18  1 0.4897 0.5103 
   Co09-SC19  1 0.4725 0.5275 
   Co09-SC20  1 0.4756 0.5244 
   Co09-SC21  1 0.4427 0.5573 
   Co09-SC23  1 0.5054 0.4946 
   Co09-SC24  1 0.5326 0.4674 
   Co09-SC25  1 0.5087 0.4913 
   Co09-SC27  1 0.4173 0.5827 
   Co09-SC28  1 0.4593 0.5407 
   Co09-SC29  1 0.4444 0.5556 
   Co09-SC30  1 0.5923 0.4077 
   Co09-SC31  1 0.4791 0.5209 
   Co09-SF05  1 0.4925 0.5075 
   Co09-SF08  1 0.5032 0.4968 
   Co09-SF12  1 0.4848 0.5152 
   Co09-SF13  1 0.4788 0.5212 
   Co09-SF15  1 0.5208 0.4792 
   Co09-SF16  1 0.4686 0.5314 
   Co09-SF20  1 0.4692 0.5308 
   Co09-SF21  1 0.5640 0.4360 
   Co09-SF22  1 0.4229 0.5771 
   Co09-SF24  1 0.5761 0.4239 
   Co09-SF25  1 0.5742 0.4258 
   Co09-SF27  1 0.5512 0.4488 
   Co09-SF28  1 0.5352 0.4648 
   Co09-SF29  1 0.5164 0.4836 
   Co09-SF30  1 0.5319 0.4681 
  Co09-SF301  1 0.4832 0.5168 
  Co09-SF302  1 0.5031 0.4969 
  Co09-SF303  1 0.5107 0.4893 
  Co09-SF304  1 0.5137 0.4863 
  Co09-SF307  1 0.5535 0.4465 
  Co09-SF308  1 0.4914 0.5086 
  Co09-SF309  1 0.4627 0.5373 
  Co09-SF310  1 0.4781 0.5219 
  Co09-SF311  1 0.4853 0.5147 
  Co09-SF324  1 0.4774 0.5226 
  Co09-SF328  1 0.5131 0.4869 
  Co09-SF331  1 0.4636 0.5364 
  Co09-SF335  1 0.4318 0.5682 
  Co09-SF341  1 0.4276 0.5724 
  Co09-SF349  1 0.4713 0.5287 
   Co10-SF50  1 0.4993 0.5007 
   Co13-2082  1 0.5778 0.4222 
   Co13-2084  1 0.5461 0.4539 
   Co13-2085  1 0.4372 0.5628 
   Co13-2086  1 0.5373 0.4627 
   Co13-2087  1 0.5079 0.4921 
   Co13-2092  1 0.5016 0.4984 
   Co13-2093  1 0.5608 0.4392 
   Co13-2097  1 0.4289 0.5711 
   Co13-2098  1 0.4999 0.5001 
   Co13-2099  1 0.5280 0.4720 
   Co13-2100  1 0.5114 0.4886 
   Co13-2101  1 0.4255 0.5745 
   Co13-2102  1 0.5192 0.4808 
   Co13-2103  1 0.4963 0.5037 
   Co13-2104  1 0.5785 0.4215 
   Co13-2105  1 0.4845 0.5155 
   Co13-2106  1 0.5443 0.4557 
   Co13-2107  1 0.4827 0.5173 
   Co13-2108  1 0.5443 0.4557 
   Co13-2109  1 0.5233 0.4767 
   Co13-2110  1 0.4649 0.5351 
   Co13-2111  1 0.4958 0.5042 
   Co13-2112  1 0.4885 0.5115 
   Co13-2114  1 0.5119 0.4881 
   Co13-2115  1 0.5063 0.4937 
   Co13-2116  1 0.4368 0.5632 
   Co13-2117  1 0.4585 0.5415 
   Co13-2119  1 0.4209 0.5791 
   Co13-2120  1 0.5131 0.4869 
   Co13-2121  1 0.4630 0.5370 
   Co13-2122  1 0.4639 0.5361 
   Co13-2123  1 0.5049 0.4951 
   Co13-2124  1 0.5869 0.4131 
   Co13-2125  1 0.5196 0.4804 
   Co13-2126  1 0.5020 0.4980 
   Co13-2127  1 0.5109 0.4891 
   Co13-2128  1 0.5134 0.4866 
   Co13-2129  1 0.4742 0.5258 
   Co13-2130  1 0.4687 0.5313 
   Co13-2131  1 0.5214 0.4786 
   Co13-2132  1 0.5175 0.4825 
   Co13-2133  1 0.4914 0.5086 
   Co13-2134  1 0.5100 0.4900 
   Co13-2135  1 0.5097 0.4903 
   Co13-2136  1 0.5364 0.4636 
   Co13-2137  1 0.5582 0.4418 
   Co13-2139  1 0.5236 0.4764 
   Co13-2140  1 0.5516 0.4484 
   Co13-2141  1 0.4190 0.5810 
   Co13-2142  1 0.4846 0.5154 
   Co13-2143  1 0.4736 0.5264 
   Co13-2144  1 0.5408 0.4592 
   Co13-2145  1 0.5038 0.4962 
   Co13-2146  1 0.5497 0.4503 
   Co13-2147  1 0.4315 0.5685 
   Co13-2149  1 0.5092 0.4908 
   Co13-2150  1 0.4601 0.5399 
   Co13-2184  1 0.5352 0.4648 
    Co13-Tg1  1 0.4573 0.5427 
     Co17-01  1 0.5235 0.4765 
     Co17-02  1 0.4503 0.5497 
     Co17-03  1 0.4941 0.5059 
     Co17-04  1 0.5450 0.4550 
     Co17-05  1 0.4831 0.5169 
     Co17-06  1 0.4896 0.5104 
     Co17-07  1 0.5201 0.4799 
     Co17-08  1 0.5087 0.4913 
     Co17-09  1 0.4634 0.5366 
     Co17-10  1 0.5292 0.4708 
     Co17-11  1 0.4400 0.5600 
     Co17-12  1 0.5175 0.4825 
     Co17-13  1 0.5192 0.4808 
     Co17-14  1 0.5479 0.4521 
     Co17-15  1 0.5071 0.4929 
     Co17-16  1 0.5183 0.4817 
     Co17-17  1 0.5082 0.4918 
     Co17-18  1 0.4998 0.5002 
     Co17-19  1 0.5330 0.4670 
     Co17-20  1 0.4892 0.5108 
     Co17-21  1 0.5333 0.4667 
     Co17-22  1 0.5428 0.4572 
     Co17-23  1 0.5543 0.4457 
     Co17-24  1 0.5474 0.4526 
     Co17-25  1 0.4605 0.5395 
     Co17-26  1 0.5037 0.4963 
     Co17-27  1 0.5288 0.4712 
     Co17-28  1 0.5259 0.4741 
     Co17-29  1 0.5272 0.4728 
     Co17-30  1 0.5174 0.4826 
     Co17-31  1 0.5213 0.4787 
     Co17-32  1 0.5545 0.4455 
     Co17-34  1 0.5224 0.4776 
     Co17-35  1 0.5046 0.4954 
     Co17-36  1 0.5169 0.4831 
     Co17-37  1 0.4794 0.5206 
     Co17-38  1 0.5152 0.4848 
     Co17-39  1 0.4365 0.5635 
     Co17-40  1 0.5702 0.4298 
     Co17-41  1 0.5175 0.4825 
     Co17-43  1 0.5068 0.4932 
     Co17-46  1 0.4794 0.5206 
     Co17-47  1 0.5315 0.4685 
     Co17-48  1 0.5226 0.4774 
     Co17-49  1 0.4917 0.5083 
     Co17-50  1 0.5263 0.4737 
     Co17-51  1 0.5049 0.4951 
     Co17-52  1 0.5548 0.4452 
     Co17-53  1 0.5362 0.4638 
     Co17-54  1 0.5502 0.4498 
     Co17-55  1 0.4759 0.5241 
     Co17-56  1 0.4146 0.5854 
     Co17-57  1 0.4774 0.5226 
     Co17-58  1 0.4875 0.5125 
     Co17-60  1 0.4126 0.5874 
     Co17-62  1 0.5295 0.4705 
     Co17-65  1 0.4169 0.5831 
     Co17-67  1 0.4954 0.5046 
     Co17-68  1 0.4564 0.5436 
     Co17-69  1 0.5691 0.4309 
     Co17-70  1 0.4244 0.5756 
     Co17-73  1 0.4623 0.5377 
     Co17-74  1 0.5543 0.4457 
     Co17-75  1 0.5227 0.4773 
     Co17-76  1 0.5238 0.4762 
     Co17-77  1 0.4495 0.5505 
     Co17-78  1 0.4231 0.5769 
     Co17-79  1 0.5188 0.4812 
     Co17-80  1 0.4144 0.5856 
     Co17-82  1 0.5066 0.4934 
