   Co09-CO13  1 0.5502 0.4498 
   Co09-SC01  1 0.5741 0.4259 
   Co09-SC02  1 0.5473 0.4527 
   Co09-SC03  1 0.5066 0.4934 
   Co09-SC04  1 0.4808 0.5192 
   Co09-SC05  1 0.4194 0.5806 
   Co09-SC06  1 0.5363 0.4637 
   Co09-SC07  1 0.4138 0.5862 
   Co09-SC08  1 0.4793 0.5207 
   Co09-SC10  1 0.5302 0.4698 
   Co09-SC11  1 0.5940 0.4060 
   Co09-SC12  1 0.5093 0.4907 
   Co09-SC14  1 0.4826 0.5174 
   Co09-SC15  1 0.4460 0.5540 
   Co09-SC16  1 0.5885 0.4115 
   Co09-SC18  1 0.5060 0.4940 
   Co09-SC19  1 0.5303 0.4697 
   Co09-SC20  1 0.5353 0.4647 
   Co09-SC21  1 0.5746 0.4254 
   Co09-SC23  1 0.4926 0.5074 
   Co09-SC24  1 0.4609 0.5391 
   Co09-SC25  1 0.4820 0.5180 
   Co09-SC27  1 0.5946 0.4054 
   Co09-SC28  1 0.5551 0.4449 
   Co09-SC29  1 0.5681 0.4319 
   Co09-SC30  1 0.3826 0.6174 
   Co09-SC31  1 0.5246 0.4754 
   Co09-SF05  1 0.5078 0.4922 
   Co09-SF08  1 0.4922 0.5078 
   Co09-SF12  1 0.5161 0.4839 
   Co09-SF13  1 0.5268 0.4732 
   Co09-SF15  1 0.4761 0.5239 
   Co09-SF16  1 0.5360 0.4640 
   Co09-SF20  1 0.5392 0.4608 
   Co09-SF21  1 0.4264 0.5736 
   Co09-SF22  1 0.5932 0.4068 
   Co09-SF24  1 0.4067 0.5933 
   Co09-SF25  1 0.4091 0.5909 
   Co09-SF27  1 0.4354 0.5646 
   Co09-SF28  1 0.4596 0.5404 
   Co09-SF29  1 0.4837 0.5163 
   Co09-SF30  1 0.4683 0.5317 
  Co09-SF301  1 0.5188 0.4812 
  Co09-SF302  1 0.5011 0.4989 
  Co09-SF303  1 0.4840 0.5160 
  Co09-SF304  1 0.4904 0.5096 
  Co09-SF307  1 0.4249 0.5751 
  Co09-SF308  1 0.5156 0.4844 
  Co09-SF309  1 0.5494 0.4506 
  Co09-SF310  1 0.5318 0.4682 
  Co09-SF311  1 0.5203 0.4797 
  Co09-SF324  1 0.5318 0.4682 
  Co09-SF328  1 0.4808 0.5192 
  Co09-SF331  1 0.5463 0.4537 
  Co09-SF335  1 0.5799 0.4201 
  Co09-SF341  1 0.5892 0.4108 
  Co09-SF349  1 0.5411 0.4589 
   Co10-SF50  1 0.5011 0.4989 
   Co13-2082  1 0.4120 0.5880 
   Co13-2084  1 0.4405 0.5595 
   Co13-2085  1 0.5759 0.4241 
   Co13-2086  1 0.4531 0.5469 
   Co13-2087  1 0.4891 0.5109 
   Co13-2092  1 0.4947 0.5053 
   Co13-2093  1 0.4219 0.5781 
   Co13-2097  1 0.5874 0.4126 
   Co13-2098  1 0.5040 0.4960 
   Co13-2099  1 0.4653 0.5347 
   Co13-2100  1 0.4913 0.5087 
   Co13-2101  1 0.5951 0.4049 
   Co13-2102  1 0.4766 0.5234 
   Co13-2103  1 0.5064 0.4936 
   Co13-2104  1 0.3977 0.6023 
   Co13-2105  1 0.5191 0.4809 
   Co13-2106  1 0.4416 0.5584 
   Co13-2107  1 0.5144 0.4856 
   Co13-2108  1 0.4486 0.5514 
   Co13-2109  1 0.4681 0.5319 
   Co13-2110  1 0.5418 0.4582 
   Co13-2111  1 0.5062 0.4938 
   Co13-2112  1 0.5200 0.4800 
   Co13-2114  1 0.4815 0.5185 
   Co13-2115  1 0.4937 0.5063 
   Co13-2116  1 0.5746 0.4254 
   Co13-2117  1 0.5515 0.4485 
   Co13-2119  1 0.5984 0.4016 
   Co13-2120  1 0.4807 0.5193 
   Co13-2121  1 0.5478 0.4522 
   Co13-2122  1 0.5422 0.4578 
   Co13-2123  1 0.5013 0.4987 
   Co13-2124  1 0.4006 0.5994 
   Co13-2125  1 0.4789 0.5211 
   Co13-2126  1 0.4909 0.5091 
   Co13-2127  1 0.4887 0.5113 
   Co13-2128  1 0.4820 0.5180 
   Co13-2129  1 0.5378 0.4622 
   Co13-2130  1 0.5331 0.4669 
   Co13-2131  1 0.4818 0.5182 
   Co13-2132  1 0.4778 0.5222 
   Co13-2133  1 0.5109 0.4891 
   Co13-2134  1 0.4886 0.5114 
   Co13-2135  1 0.4885 0.5115 
   Co13-2136  1 0.4547 0.5453 
   Co13-2137  1 0.4299 0.5701 
   Co13-2139  1 0.4764 0.5236 
   Co13-2140  1 0.4348 0.5652 
   Co13-2141  1 0.6011 0.3989 
   Co13-2142  1 0.5229 0.4771 
   Co13-2143  1 0.5365 0.4635 
   Co13-2144  1 0.4496 0.5504 
   Co13-2145  1 0.4939 0.5061 
   Co13-2146  1 0.4394 0.5606 
   Co13-2147  1 0.5798 0.4202 
   Co13-2149  1 0.4880 0.5120 
   Co13-2150  1 0.5557 0.4443 
   Co13-2184  1 0.4626 0.5374 
    Co13-Tg1  1 0.5453 0.4547 
     Co17-01  1 0.4697 0.5303 
     Co17-02  1 0.5664 0.4336 
     Co17-03  1 0.5083 0.4917 
     Co17-04  1 0.4446 0.5554 
     Co17-05  1 0.5171 0.4829 
     Co17-06  1 0.5126 0.4874 
     Co17-07  1 0.4746 0.5254 
     Co17-08  1 0.4911 0.5089 
     Co17-09  1 0.5487 0.4513 
     Co17-10  1 0.4648 0.5352 
     Co17-11  1 0.5732 0.4268 
     Co17-12  1 0.4753 0.5247 
     Co17-13  1 0.4812 0.5188 
     Co17-14  1 0.4447 0.5553 
     Co17-15  1 0.4897 0.5103 
     Co17-16  1 0.4814 0.5186 
     Co17-17  1 0.4879 0.5121 
     Co17-18  1 0.4951 0.5049 
     Co17-19  1 0.4614 0.5386 
     Co17-20  1 0.5127 0.4873 
     Co17-21  1 0.4644 0.5356 
     Co17-22  1 0.4462 0.5538 
     Co17-23  1 0.4364 0.5636 
     Co17-24  1 0.4466 0.5534 
     Co17-25  1 0.5422 0.4578 
     Co17-26  1 0.4996 0.5004 
     Co17-27  1 0.4647 0.5353 
     Co17-28  1 0.4652 0.5348 
     Co17-29  1 0.4642 0.5358 
     Co17-30  1 0.4794 0.5206 
     Co17-31  1 0.4738 0.5262 
     Co17-32  1 0.4323 0.5677 
     Co17-34  1 0.4755 0.5245 
     Co17-35  1 0.4986 0.5014 
     Co17-36  1 0.4886 0.5114 
     Co17-37  1 0.5135 0.4865 
     Co17-38  1 0.4821 0.5179 
     Co17-39  1 0.5699 0.4301 
     Co17-40  1 0.4132 0.5868 
     Co17-41  1 0.4734 0.5266 
     Co17-43  1 0.4984 0.5016 
     Co17-46  1 0.5266 0.4734 
     Co17-47  1 0.4627 0.5373 
     Co17-48  1 0.4744 0.5256 
     Co17-49  1 0.5048 0.4952 
     Co17-50  1 0.4639 0.5361 
     Co17-51  1 0.4956 0.5044 
     Co17-52  1 0.4391 0.5609 
     Co17-53  1 0.4643 0.5357 
     Co17-54  1 0.4415 0.5585 
     Co17-55  1 0.5255 0.4745 
     Co17-56  1 0.6060 0.3940 
     Co17-57  1 0.5234 0.4766 
     Co17-58  1 0.5192 0.4808 
     Co17-60  1 0.6009 0.3991 
     Co17-62  1 0.4666 0.5334 
     Co17-65  1 0.5959 0.4041 
     Co17-67  1 0.5042 0.4958 
     Co17-68  1 0.5483 0.4517 
     Co17-69  1 0.4131 0.5869 
     Co17-70  1 0.5874 0.4126 
     Co17-73  1 0.5444 0.4556 
     Co17-74  1 0.4319 0.5681 
     Co17-75  1 0.4705 0.5295 
     Co17-76  1 0.4716 0.5284 
     Co17-77  1 0.5578 0.4422 
     Co17-78  1 0.5913 0.4087 
     Co17-79  1 0.4825 0.5175 
     Co17-80  1 0.6027 0.3973 
     Co17-82  1 0.4972 0.5028 
