Co09-CO13 1 0.4730 0.5270 
Co09-SC01 1 0.4975 0.5025 
Co09-SC02 1 0.4382 0.5618 
Co09-SC03 1 0.4952 0.5048 
Co09-SC04 1 0.5333 0.4667 
Co09-SC05 1 0.5759 0.4241 
Co09-SC06 1 0.4551 0.5449 
Co09-SC07 1 0.5917 0.4083 
Co09-SC08 1 0.5301 0.4699 
Co09-SC10 1 0.4833 0.5167 
Co09-SC11 1 0.4399 0.5601 
Co09-SC12 1 0.5094 0.4906 
Co09-SC14 1 0.4913 0.5087 
Co09-SC15 1 0.5792 0.4208 
Co09-SC16 1 0.4292 0.5708 
Co09-SC18 1 0.5326 0.4674 
Co09-SC19 1 0.4508 0.5492 
Co09-SC20 1 0.4768 0.5232 
Co09-SC21 1 0.4978 0.5022 
Co09-SC23 1 0.4713 0.5287 
Co09-SC24 1 0.5125 0.4875 
Co09-SC25 1 0.5124 0.4876 
Co09-SC27 1 0.4321 0.5679 
Co09-SC28 1 0.4644 0.5356 
Co09-SC29 1 0.4137 0.5863 
Co09-SC30 1 0.5865 0.4135 
Co09-SC31 1 0.4799 0.5201 
Co09-SF05 1 0.4953 0.5047 
Co09-SF08 1 0.4629 0.5371 
Co09-SF12 1 0.5243 0.4757 
Co09-SF13 1 0.4817 0.5183 
Co09-SF15 1 0.5152 0.4848 
Co09-SF16 1 0.5196 0.4804 
Co09-SF20 1 0.5118 0.4882 
Co09-SF21 1 0.4895 0.5105 
Co09-SF22 1 0.4168 0.5832 
Co09-SF24 1 0.5483 0.4517 
Co09-SF25 1 0.5504 0.4496 
Co09-SF27 1 0.5466 0.4534 
Co09-SF28 1 0.5373 0.4627 
Co09-SF29 1 0.5295 0.4705 
Co09-SF30 1 0.5007 0.4993 
Co09-SF301 1 0.5113 0.4887 
Co09-SF302 1 0.4851 0.5149 
Co09-SF303 1 0.4993 0.5007 
Co09-SF304 1 0.4943 0.5057 
Co09-SF307 1 0.5520 0.4480 
Co09-SF308 1 0.4728 0.5272 
Co09-SF309 1 0.4742 0.5258 
Co09-SF310 1 0.5088 0.4912 
Co09-SF311 1 0.5181 0.4819 
Co09-SF324 1 0.5144 0.4856 
Co09-SF328 1 0.5639 0.4361 
Co09-SF331 1 0.4212 0.5788 
Co09-SF335 1 0.4420 0.5580 
Co09-SF341 1 0.4398 0.5602 
Co09-SF349 1 0.5529 0.4471 
Co10-SF50 1 0.5371 0.4629 
Co13-2082 1 0.5400 0.4600 
Co13-2084 1 0.5341 0.4659 
Co13-2085 1 0.4537 0.5463 
Co13-2086 1 0.5474 0.4526 
Co13-2087 1 0.4961 0.5039 
Co13-2092 1 0.5135 0.4865 
Co13-2093 1 0.5151 0.4849 
Co13-2097 1 0.4587 0.5413 
Co13-2098 1 0.5194 0.4806 
Co13-2099 1 0.5501 0.4499 
Co13-2100 1 0.4854 0.5146 
Co13-2101 1 0.4608 0.5392 
Co13-2102 1 0.6054 0.3946 
Co13-2103 1 0.5361 0.4639 
Co13-2104 1 0.5345 0.4655 
Co13-2105 1 0.4982 0.5018 
Co13-2106 1 0.4880 0.5120 
Co13-2107 1 0.5441 0.4559 
Co13-2108 1 0.5240 0.4760 
Co13-2109 1 0.5143 0.4857 
Co13-2110 1 0.4965 0.5035 
Co13-2111 1 0.5225 0.4775 
Co13-2112 1 0.5333 0.4667 
Co13-2114 1 0.4879 0.5121 
Co13-2115 1 0.5303 0.4697 
Co13-2116 1 0.4473 0.5527 
Co13-2117 1 0.4407 0.5593 
Co13-2119 1 0.4611 0.5389 
Co13-2120 1 0.4743 0.5257 
Co13-2121 1 0.5076 0.4924 
Co13-2122 1 0.4750 0.5250 
Co13-2123 1 0.5443 0.4557 
Co13-2124 1 0.5555 0.4445 
Co13-2125 1 0.5455 0.4545 
Co13-2126 1 0.4690 0.5310 
Co13-2127 1 0.5426 0.4574 
Co13-2128 1 0.5456 0.4544 
Co13-2129 1 0.4685 0.5315 
Co13-2130 1 0.4317 0.5683 
Co13-2131 1 0.5569 0.4431 
Co13-2132 1 0.5344 0.4656 
Co13-2133 1 0.4399 0.5601 
Co13-2134 1 0.5168 0.4832 
Co13-2135 1 0.5518 0.4482 
Co13-2136 1 0.5465 0.4535 
Co13-2137 1 0.5193 0.4807 
Co13-2139 1 0.5321 0.4679 
Co13-2140 1 0.5434 0.4566 
Co13-2141 1 0.4069 0.5931 
Co13-2142 1 0.5113 0.4887 
Co13-2143 1 0.4461 0.5539 
Co13-2144 1 0.5374 0.4626 
Co13-2145 1 0.4993 0.5007 
Co13-2146 1 0.5006 0.4994 
Co13-2147 1 0.4558 0.5442 
Co13-2149 1 0.5350 0.4650 
Co13-2150 1 0.4421 0.5579 
Co13-2184 1 0.5718 0.4282 
Co13-Tg1 1 0.4820 0.5180 
Co17-01 1 0.4748 0.5252 
Co17-02 1 0.4424 0.5576 
Co17-03 1 0.4511 0.5489 
Co17-04 1 0.5138 0.4862 
Co17-05 1 0.4876 0.5124 
Co17-06 1 0.4398 0.5602 
Co17-07 1 0.5127 0.4873 
Co17-08 1 0.4171 0.5829 
Co17-09 1 0.5059 0.4941 
Co17-10 1 0.4863 0.5137 
Co17-11 1 0.4368 0.5632 
Co17-12 1 0.5876 0.4124 
Co17-13 1 0.4982 0.5018 
Co17-14 1 0.5554 0.4446 
Co17-15 1 0.4822 0.5178 
Co17-16 1 0.4962 0.5038 
Co17-17 1 0.4724 0.5276 
Co17-18 1 0.4863 0.5137 
Co17-19 1 0.5153 0.4847 
Co17-20 1 0.5063 0.4937 
Co17-21 1 0.5088 0.4912 
Co17-22 1 0.4964 0.5036 
Co17-23 1 0.5516 0.4484 
Co17-24 1 0.5030 0.4970 
Co17-25 1 0.4656 0.5344 
Co17-26 1 0.4737 0.5263 
Co17-27 1 0.4917 0.5083 
Co17-28 1 0.5626 0.4374 
Co17-29 1 0.4703 0.5297 
Co17-30 1 0.5404 0.4596 
Co17-31 1 0.5108 0.4892 
Co17-32 1 0.5662 0.4338 
Co17-34 1 0.5057 0.4943 
Co17-35 1 0.5521 0.4479 
Co17-36 1 0.5937 0.4063 
Co17-37 1 0.4442 0.5558 
Co17-38 1 0.5093 0.4907 
Co17-39 1 0.5058 0.4942 
Co17-40 1 0.5870 0.4130 
Co17-41 1 0.5247 0.4753 
Co17-43 1 0.5094 0.4906 
Co17-46 1 0.4946 0.5054 
Co17-47 1 0.5180 0.4820 
Co17-48 1 0.5120 0.4880 
Co17-49 1 0.4781 0.5219 
Co17-50 1 0.5626 0.4374 
Co17-51 1 0.4437 0.5563 
Co17-52 1 0.5203 0.4797 
Co17-53 1 0.5010 0.4990 
Co17-54 1 0.5398 0.4602 
Co17-55 1 0.4618 0.5382 
Co17-56 1 0.4511 0.5489 
Co17-57 1 0.5032 0.4968 
Co17-58 1 0.5668 0.4332 
Co17-60 1 0.4421 0.5579 
Co17-62 1 0.4734 0.5266 
Co17-65 1 0.4233 0.5767 
Co17-67 1 0.5318 0.4682 
Co17-68 1 0.5214 0.4786 
Co17-69 1 0.5594 0.4406 
Co17-70 1 0.4730 0.5270 
Co17-73 1 0.4735 0.5265 
Co17-74 1 0.5252 0.4748 
Co17-75 1 0.5139 0.4861 
Co17-76 1 0.5403 0.4597 
Co17-77 1 0.5037 0.4963 
Co17-78 1 0.3952 0.6048 
Co17-79 1 0.4820 0.5180 
Co17-80 1 0.4029 0.5971 
Co17-82 1 0.4871 0.5129 