scenario      Ne            t             Na          µmic_1        pmic_1       snimic_1      NAL_1_1       HET_1_1       VAR_1_1       MGW_1_1    
  1            3670           254          9593    4.233e-004    1.752e-001    7.503e-006     11.875000      0.820626     10.952923      0.994764
  1            4123          2331          6707    8.634e-004    1.759e-001    6.050e-006     13.250000      0.815625     15.840614      0.917749
  1            2866         10534         12092    1.535e-004    1.127e-001    4.445e-007      4.375000      0.505285      0.799955      1.060606
  1            3317          9147          1286    8.969e-004    1.056e-001    2.153e-007      9.125000      0.751717      4.127909      1.000000
  1            5000          7301         10384    8.957e-004    2.792e-001    1.937e-007      9.125000      0.763068      5.867147      0.890244
  1            3010          7689          8968    2.362e-004    2.611e-001    9.667e-006      7.625000      0.611577      3.606226      0.983871
  1            2003         10411         10307    6.181e-004    2.932e-001    6.293e-006      5.375000      0.657077      2.736397      0.834951
  1            2643         10220         10120    2.436e-004    1.310e-001    2.277e-007      4.000000      0.484520      1.289588      0.864865
  1            2801          9124         10966    8.690e-004    2.132e-001    5.716e-008     11.125000      0.788718     30.501928      0.801802
  1            4135          9566         15940    2.268e-004    1.951e-001    2.059e-007      4.750000      0.613287      2.018090      0.863636
  1            1991         13283         21579    7.143e-004    1.532e-001    8.962e-007      6.500000      0.677596      2.568650      0.904348
  1            3941          8150         18879    7.243e-004    1.147e-001    2.982e-006     12.375000      0.830431     27.168499      0.811475
  1            4684          2382          3823    2.865e-004    2.050e-001    3.552e-008      7.375000      0.674180      2.792769      0.929134
  1            3868          8233         18999    7.166e-004    1.392e-001    1.316e-008      7.500000      0.746570      3.381071      1.000000
  1             846         13253          6537    9.887e-004    1.358e-001    1.331e-006      6.750000      0.677874      1.694051      1.028571
  1            4034           226         10651    6.577e-004    1.871e-001    1.221e-007      8.500000      0.777491      4.044664      0.894737
  1            4639          8525         16574    3.255e-004    1.391e-001    1.702e-008      9.125000      0.735936     10.727104      0.890244
  1            1151          8126          8542    2.620e-004    1.354e-001    1.838e-006      4.625000      0.527672      2.333750      0.936709
  1            1962         12716         23116    9.712e-004    1.544e-001    4.932e-006      9.500000      0.682540      4.983970      1.078014
  1            5302          5315          8755    2.653e-004    1.925e-001    8.719e-008     10.750000      0.768290      8.683926      1.000000
  1            3912         12086          9314    1.195e-004    2.354e-001    1.285e-007      6.500000      0.701495      2.986242      0.928571
  1            2808         12322         11318    7.285e-004    1.111e-001    1.189e-007      8.875000      0.780159      4.187940      0.922078
  1            3103         12415         22533    2.042e-004    1.931e-001    2.385e-008      4.625000      0.495738      0.755128      0.948718
  1            4041         10556         11386    9.404e-004    2.170e-001    2.724e-006     16.000000      0.825418     43.894474      0.750733
  1            1804         11776          3148    8.825e-004    2.507e-001    5.464e-006     10.000000      0.721165      4.297652      1.081081
  1            4369         13375         14521    2.967e-004    2.782e-001    4.009e-006      7.375000      0.676170      4.154675      0.874074
  1            4597         12135          8258    6.583e-004    2.670e-001    3.126e-006      9.500000      0.778134     17.703777      0.921212
  1            1098         16488          2687    4.807e-004    2.687e-001    4.926e-007      5.000000      0.458006      1.023857      0.941176
  1            4178         11254          9032    4.661e-004    1.628e-001    4.531e-006      9.000000      0.770234      2.777337      1.210084
  1            2699          5808         10420    7.446e-004    1.579e-001    4.089e-006      7.750000      0.639926      3.832143      1.107143
  1            2709         13819         20932    7.248e-004    2.635e-001    8.068e-007      7.000000      0.718983      5.210535      0.783217
  1            3874          9843         17865    8.709e-004    2.958e-001    1.007e-008     11.000000      0.827085      7.517004      0.936170
  1            2072          5665         10277    6.551e-004    1.357e-001    1.410e-006      6.625000      0.670960      2.327004      0.905983
  1            5990         10589           701    5.208e-004    1.320e-001    1.561e-006      7.625000      0.709024      2.707683      1.033898
  1            4003          9065         13258    8.172e-004    1.788e-001    7.182e-007     10.750000      0.755330     15.852117      0.934783
  1            3242         11904         16109    1.980e-004    2.672e-001    1.457e-007      5.250000      0.478932      1.276515      0.923077
  1            1756         11312         17548    4.634e-004    1.695e-001    3.169e-008      7.875000      0.753210      2.944875      1.016129
  1            3048         11445         16033    8.284e-004    2.454e-001    1.191e-006      9.750000      0.738396      7.449951      0.923077
  1            3324          6423         12814    3.601e-004    2.909e-001    3.299e-007      8.750000      0.593705      7.967849      0.773481
  1            3434         11256           692    3.229e-004    2.552e-001    1.694e-006     10.000000      0.750163      6.090604      1.038961
  1            5537         10071          4893    1.761e-004    2.552e-001    2.135e-007      7.125000      0.622163      2.818970      0.926829
  1            3293          5052          4814    4.083e-004    2.211e-001    8.115e-008     10.000000      0.737434     19.989038      0.754717
  1             935         10434         16675    3.311e-004    2.825e-001    1.617e-008      3.750000      0.262842      2.650478      0.769231
  1            4637         13614         11618    8.688e-004    1.941e-001    1.741e-006      9.375000      0.786594      8.353290      0.914634
  1            3295          8833          7726    4.696e-004    1.075e-001    1.313e-008      9.250000      0.766355      5.989937      0.980132
  1            4013          6488          2193    2.608e-004    2.956e-001    3.315e-006      7.500000      0.579413      6.501660      0.827586
  1            4211         15731         14749    5.648e-004    2.920e-001    1.363e-007      8.250000      0.643717      6.125547      0.891892
  1            3416          8424          8480    8.151e-004    1.115e-001    2.040e-008      8.875000      0.701277     17.693501      0.840237
  1            4518          9762         12894    2.030e-004    1.297e-001    8.184e-008      4.625000      0.522077      0.757817      0.973684
  1            2950         11808          3256    7.537e-004    2.330e-001    2.814e-008      8.500000      0.697300      3.147098      1.030303
  1            4724         11478         11225    3.446e-004    2.392e-001    9.675e-006      9.875000      0.734075      3.486866      1.196970
  1            3747          7901          2911    8.693e-004    2.092e-001    8.190e-008      8.500000      0.748247      6.112835      0.866242
  1            4016          8743          5846    8.510e-004    2.412e-001    2.044e-007     13.875000      0.843031     19.101112      0.874016
  1            1795         10981         17211    7.751e-004    2.432e-001    1.587e-008      7.625000      0.658648      4.441412      0.884058
  1            4088          9116         17531    3.013e-004    1.848e-001    1.123e-006      7.000000      0.621534      9.859092      0.713376
  1            3111          8947         11600    2.511e-004    2.623e-001    1.972e-006      6.875000      0.610063      3.917699      0.940171
  1            1231          7917         11415    2.304e-004    1.945e-001    1.332e-006      5.000000      0.522398      1.834816      0.851064
  1            4417          6197         12406    5.458e-004    1.258e-001    1.390e-008     13.750000      0.822381     20.506292      0.890688
  1            3590         14518         10344    3.043e-004    1.057e-001    2.899e-008      7.000000      0.680963      1.981124      1.009009
  1            3239          9729         13854    2.929e-004    2.992e-001    2.740e-006      6.750000      0.669829      3.940488      0.990826
  1            4738          7329          8607    9.957e-004    1.941e-001    1.690e-007     13.625000      0.841088     14.585719      0.927660
  1            3107          7752         10658    2.092e-004    2.914e-001    4.823e-008      5.125000      0.532270      2.289972      0.854167
  1            5375          9262         10982    6.650e-004    1.781e-001    4.227e-007     12.875000      0.792670     15.456248      0.834008
  1            4003          8892           609    6.652e-004    1.711e-001    3.582e-007      8.000000      0.773424      2.818736      1.032258
  1            2621          8464         12141    7.748e-004    2.866e-001    6.725e-008     14.375000      0.807639     55.112961      0.694864
  1            5098          4408         16387    3.195e-004    2.138e-001    9.126e-006     10.500000      0.764806      4.306358      1.112583
  1            3922         11557          5954    3.260e-004    1.080e-001    1.038e-008      5.625000      0.599520      1.098388      1.071429
  1            5099          7976         12902    2.781e-004    2.296e-001    4.168e-007      9.875000      0.794291      8.349604      0.929412
  1            4393          9109         11250    8.678e-004    1.406e-001    1.537e-006     11.500000      0.782808     12.419195      0.910891
  1            2995         11190         10162    4.397e-004    1.017e-001    4.193e-008      7.250000      0.673904      2.619179      0.966667
  1            5268         11440          7990    8.575e-004    2.026e-001    8.826e-006     12.750000      0.796035     12.428695      0.846473
  1            2062          4782          9083    2.204e-004    2.157e-001    3.435e-008      4.250000      0.432790      1.352963      0.829268
  1            4424          9996         11086    9.126e-004    2.876e-001    1.059e-008     13.625000      0.834850     46.639637      0.804428
  1            3191          9837         10842    1.511e-004    2.193e-001    8.064e-006      6.000000      0.604436      4.641601      0.989691
  1            2934          8479          1239    3.735e-004    1.270e-001    2.091e-008      6.250000      0.684399      2.056330      0.917431
  1            5649         18428          8423    8.362e-004    2.950e-001    1.709e-008     14.875000      0.851361     27.987703      0.891386
  1            5938          4860          9329    1.185e-004    1.665e-001    3.038e-008      5.625000      0.588251      2.103050      1.022727
  1            3921          7206         18630    9.227e-004    1.409e-001    1.789e-008      8.875000      0.727038      5.469271      0.860606
  1            4420          6350         24303    7.682e-004    1.017e-001    9.850e-007     11.250000      0.725999     38.292702      0.705882
  1            3440         12756          4857    3.723e-004    1.423e-001    1.211e-007      6.500000      0.613038      2.999394      0.881356
  1            3949          4244          8898    3.058e-004    1.587e-001    1.719e-006      6.750000      0.558607      3.545952      0.771429
  1            1949          7824          5883    7.557e-004    1.187e-001    2.145e-006     10.000000      0.630477     13.299286      0.747664
  1            5840          6836          3469    5.183e-004    2.119e-001    2.845e-008      8.000000      0.748038      3.522834      1.000000
  1            5927         10885          8667    7.914e-004    2.390e-001    3.277e-008     15.250000      0.847757     30.729822      0.903704
  1            4494          5939          3927    7.728e-004    2.823e-001    8.157e-007     10.125000      0.789874      4.703847      1.018868
  1            1712          9660          9514    6.162e-004    2.154e-001    4.764e-007      6.250000      0.566060      4.080120      0.840336
  1            4011         11420          4501    8.102e-004    2.957e-001    6.210e-008      9.500000      0.785216      9.343204      0.883721
  1            3214         13686          6294    5.875e-004    1.208e-001    1.103e-006      9.125000      0.756394      5.237955      0.993197
  1            1216         10199          7052    2.115e-004    2.923e-001    2.285e-007      3.750000      0.231554      0.376977      0.895522
  1            4921         12420         14286    6.003e-004    1.025e-001    1.724e-007      8.250000      0.713911      6.820876      0.891892
  1            3810         11653         27393    6.661e-004    1.831e-001    1.588e-007      9.750000      0.781274      8.379485      0.776119
  1            5032         13990          4573    2.347e-004    2.586e-001    3.215e-006      7.875000      0.709321      1.867882      1.105263
  1            3478          8695          7859    3.868e-004    2.637e-001    2.876e-007      9.625000      0.716660      5.474775      0.875000
  1            2959          6941          9204    9.167e-004    1.544e-001    5.242e-008     11.625000      0.799008      6.964492      0.994652
  1            3139          8272          8745    8.786e-004    2.932e-001    2.384e-006     11.375000      0.787449      7.748582      1.052023
  1            2197          5070         13052    6.763e-004    1.195e-001    3.570e-007      6.250000      0.593029      2.908647      0.961538
  1            3354         19776          7592    9.998e-004    2.734e-001    1.715e-008     10.500000      0.794838      6.910190      0.971098
  1            3691         12947          6250    8.811e-004    1.645e-001    1.705e-007     11.750000      0.815046      9.706224      1.021739
  1            5640          8208         13195    3.184e-004    2.312e-001    1.175e-008     10.625000      0.761484      8.817218      0.833333
  1            4649          9325         10455    2.536e-004    2.655e-001    1.784e-007     10.000000      0.738369      8.205928      0.952381
