scenario      Ne            t             Na          µmic_1        pmic_1       snimic_1      NAL_1_1       HET_1_1       VAR_1_1       MGW_1_1    
  1            2303         15507         17477    1.999e-004    1.185e-001    8.488e-006      5.090909      0.476384      1.369889      1.000000
  1            3228          9389         14220    9.262e-004    2.225e-001    3.198e-008      9.727273      0.767556     10.504011      0.839216
  1            1699         15148          7382    9.778e-004    2.070e-001    7.526e-006      7.818182      0.718783      4.617033      0.966292
  1            3623          7762          7324    5.565e-004    2.214e-001    1.611e-008      8.272727      0.641005      4.926004      0.900990
  1            3323         13268         12033    1.917e-004    2.266e-001    1.550e-007      5.181818      0.566759      1.602593      0.950000
  1            5713          7422         13728    1.521e-004    1.901e-001    5.505e-008      6.454545      0.605520      4.285075      0.855422
  1            3630          7700          2222    9.455e-004    2.368e-001    1.895e-007     11.090909      0.775168      7.891373      0.890511
  1            2793         14938         12136    1.692e-004    1.477e-001    1.158e-006      6.454545      0.630913      2.861852      0.898734
  1            2126         12351         10090    6.503e-004    2.446e-001    6.451e-006      9.000000      0.746866     10.451612      0.912442
  1            5389         10280         10208    1.720e-004    1.244e-001    2.906e-006      6.363636      0.639735      2.698626      0.933333
  1            4475         16145          5459    1.051e-004    1.737e-001    6.957e-008      4.363636      0.532963      1.506604      0.857143
  1            4623         12189          6796    2.659e-004    1.273e-001    3.582e-007      6.818182      0.632901      2.440862      0.949367
  1            2686         10320         17250    6.117e-004    2.749e-001    3.405e-007      8.363636      0.726373      5.100709      0.897561
  1            4150         11516         13513    2.689e-004    2.116e-001    3.183e-007      6.272727      0.608007      2.664095      0.945205
  1            3138          2106         16240    6.953e-004    1.013e-001    1.188e-006      9.909091      0.807574     12.013560      0.879032
  1            2850         10391         14890    4.319e-004    1.753e-001    1.889e-006      8.545455      0.740736      7.177152      0.839286
  1            3630         14025          2584    8.052e-004    1.524e-001    1.880e-006      9.636364      0.736659      5.493139      1.024155
  1            2494         13626          5395    6.052e-004    1.129e-001    2.315e-006      7.545455      0.680341      3.607244      0.948571
  1            4462         10303         13827    7.348e-004    1.307e-001    7.745e-007     11.909091      0.788636     20.690781      0.829114
  1            2959         14272          8518    6.933e-004    1.162e-001    2.073e-006      9.272727      0.762643      6.797869      1.020000
  1            4616          8615          7217    3.651e-004    2.339e-001    1.021e-007      7.272727      0.659023     10.566252      0.740741
  1            5869          9916           662    5.968e-004    1.924e-001    2.866e-007      8.181818      0.716949      3.631568      0.900000
  1            4128          7746          7851    2.969e-004    1.591e-001    5.211e-007      7.727273      0.724068      3.840144      0.858586
  1            6006          9011         11683    3.599e-004    2.382e-001    2.986e-007      9.363636      0.772628      7.095147      0.824000
  1            2423         13688          8239    2.450e-004    2.404e-001    5.187e-006      6.363636      0.692342      4.623497      0.869565
  1            3650         10458          2909    6.111e-004    2.573e-001    6.485e-006      9.363636      0.766332      5.578221      0.876596
  1            3576         11068         11227    4.988e-004    1.250e-001    2.502e-006      7.545455      0.654550      4.445185      0.873684
  1            2418          8729         12800    9.177e-004    2.012e-001    1.489e-007      9.909091      0.794980     11.001102      0.844961
  1            3506          7929         13459    9.850e-004    2.548e-001    1.478e-006     11.727273      0.805111     10.095669      0.826923
  1            3392         11725          2073    6.356e-004    1.733e-001    1.377e-007      8.181818      0.711873      6.766010      0.909091
  1            3740          4610          7935    7.572e-004    1.967e-001    1.445e-006     10.272727      0.746833      8.983012      0.865900
  1            5150         15135         11016    5.278e-004    2.710e-001    1.431e-006     10.727273      0.791407     34.831913      0.773771
  1            3954         15078         11077    3.013e-004    1.755e-001    6.975e-006      6.727273      0.589949      3.677212      0.961039
  1            3080         11573          1310    5.538e-004    1.501e-001    1.811e-007      8.636364      0.702195      5.952333      0.950000
  1            2314          4535          3381    8.592e-004    2.764e-001    1.432e-006      7.181818      0.677545      3.243895      0.987500
  1            2698         11950          7781    3.708e-004    1.276e-001    4.392e-006      8.363636      0.709765      4.853894      1.045455
  1            4539         16083          8556    6.084e-004    1.212e-001    1.805e-008     10.000000      0.791536     11.263002      0.862745
  1            2627          4303          7082    3.089e-004    2.391e-001    2.683e-006      7.636364      0.691414      4.535919      1.030675
  1            2974          5259          6171    8.718e-004    2.268e-001    2.138e-008      7.818182      0.680029      7.472932      0.781818
  1            4696         11676          7717    7.298e-004    2.011e-001    1.290e-008      9.090909      0.728138      4.065832      0.990099
  1            2803         12920          2304    4.299e-004    2.587e-001    1.315e-006      7.000000      0.654982      1.764450      0.956522
  1            1716         10671         19163    2.575e-004    2.548e-001    8.945e-007      5.454545      0.633664      3.123020      0.736196
  1            2890         12828         10678    2.025e-004    1.601e-001    3.111e-007      6.000000      0.600321     10.438808      0.637681
  1            2551          7942          1124    9.170e-004    1.130e-001    4.175e-007      8.090909      0.670902      5.060127      0.839623
  1            5693         10651          5146    3.021e-004    1.151e-001    5.260e-006      9.909091      0.733311      5.037666      1.123711
  1            5123          8805         15815    9.206e-004    2.314e-001    2.915e-007     11.000000      0.807363     19.433403      0.806667
  1            4135          2731         13981    5.154e-004    2.767e-001    8.289e-007     11.818182      0.831760     20.321995      0.797546
  1            4239         12969          5907    3.590e-004    1.298e-001    2.140e-007      6.545455      0.617701      2.411149      0.872727
  1            1870          8706          8935    6.117e-004    1.598e-001    2.266e-007      7.272727      0.683939      7.860619      0.855615
  1            4467          7138         11939    1.896e-004    1.300e-001    5.408e-007      5.909091      0.584989      2.559652      0.915493
  1            4731          8456          9671    1.388e-004    1.246e-001    5.663e-008      5.909091      0.585517      5.122688      0.909091
  1            3293         10119         14785    8.900e-004    1.030e-001    1.113e-006      8.000000      0.705296      7.178774      0.842105
  1            3485         12947         20788    1.379e-004    2.784e-001    7.096e-006      5.545455      0.575472      4.366817      0.841379
  1            2619         14267         15812    2.827e-004    1.221e-001    3.868e-006      5.909091      0.601213      2.148263      0.872483
  1            2856          4604         15339    8.229e-004    2.822e-001    4.217e-007      8.818182      0.731005     10.173668      0.782258
  1            4221         10383         13517    4.414e-004    1.674e-001    6.636e-006      8.090909      0.664466      6.526670      0.890000
  1            1155          9669          6044    9.184e-004    1.795e-001    2.177e-006      8.272727      0.751894      4.631767      0.928571
  1            1821          7240         13811    2.742e-004    1.089e-001    1.088e-008      4.272727      0.467751      2.267173      0.796610
  1            6005          8996          5238    6.340e-004    1.546e-001    3.873e-008     10.363636      0.782195      5.595509      0.995633
  1            4761         11857         11979    5.481e-004    1.869e-001    2.718e-008      8.363636      0.687384      7.199198      0.817778
  1            5018         17335          6081    5.891e-004    1.577e-001    2.693e-008     10.818182      0.742167      9.677777      0.908397
  1            2712         10444         16110    2.211e-004    2.329e-001    8.288e-006      6.363636      0.563690      9.259678      0.765027
  1            3513          8123         10995    5.606e-004    1.758e-001    1.432e-007      8.818182      0.749385     14.561837      0.898148
  1            5169         12583         17596    3.093e-004    2.885e-001    3.742e-007      7.454545      0.716781      6.183436      0.872340
  1            4340          5737         10527    4.614e-004    1.583e-001    7.312e-006     10.909091      0.760623     12.281902      0.869565
  1            2160         12251         16335    9.410e-004    1.503e-001    4.351e-008      9.636364      0.791066      8.371662      0.861789
  1            4981          9578         16477    6.653e-004    1.870e-001    4.706e-007      9.181818      0.744453      5.789003      0.801587
  1            4026         15339         14298    3.018e-004    1.503e-001    2.222e-006      6.090909      0.616591      2.700026      0.950355
  1            3687         13721         15863    4.396e-004    1.424e-001    1.531e-007      6.181818      0.654541      3.833359      0.918919
  1            3802         12913          7291    6.208e-004    2.603e-001    4.826e-006     11.000000      0.766579      7.709651      0.991803
  1            2330          4856          3694    5.913e-004    1.462e-001    1.534e-006      5.909091      0.630483      1.834096      0.896552
  1             962         10219         11338    3.659e-004    2.196e-001    8.360e-006      4.636364      0.454265      1.534346      0.809524
  1            4016          7992          3679    7.006e-004    2.415e-001    3.332e-008     10.636364      0.830345      6.672017      0.966942
  1            4688         14329         21299    9.447e-004    2.724e-001    4.872e-008     13.000000      0.849669     14.703342      0.931596
  1            2614         14209          7382    3.823e-004    2.406e-001    3.551e-008      7.363636      0.672736      6.155966      0.835052
  1            2455         11803         16459    3.290e-004    1.085e-001    6.129e-006      5.727273      0.540339      1.745071      1.024390
  1            4977          5988         12638    3.065e-004    2.488e-001    2.420e-007      9.181818      0.748229     17.910843      0.745387
  1            1889         17442          1914    9.571e-004    2.724e-001    2.132e-007      9.272727      0.693475      9.076668      0.860759
  1            3950         11718          1041    9.285e-004    1.662e-001    6.850e-006     11.181818      0.799741      5.230290      1.133641
  1            3182         11043          2273    9.812e-004    1.471e-001    1.085e-007      9.363636      0.809315      7.275675      0.953704
  1            4661         15961          4862    3.678e-004    2.174e-001    4.735e-006     10.272727      0.776323      9.144286      0.907631
  1            4393         11738          6168    1.208e-004    2.440e-001    3.630e-008      5.818182      0.522671      1.719264      0.927536
  1            4892          9923         11079    6.630e-004    1.267e-001    1.995e-008     10.272727      0.805120     13.147695      0.879377
  1            4410          5001          1096    5.652e-004    2.161e-001    1.943e-006      9.272727      0.726793      6.232827      1.004926
  1            3848         10327          6855    9.367e-004    2.051e-001    2.453e-006     11.909091      0.804308     10.838099      0.996198
  1            4003         10685          4523    6.421e-004    1.991e-001    2.208e-008      7.818182      0.722806      2.768810      0.945055
  1            2560         13552          9342    2.197e-004    1.352e-001    1.819e-006      4.272727      0.452667      0.477528      1.044444
  1            3275         11817         12244    8.585e-004    1.252e-001    1.082e-008      8.363636      0.761974     10.286057      0.832579
  1            3808          6460         18523    1.678e-004    1.610e-001    3.634e-006      5.545455      0.588711      1.962468      0.924242
  1            4374          8594          5905    2.473e-004    1.637e-001    9.225e-008      6.090909      0.632232      2.278115      0.943662
  1            5968          4535         11477    4.365e-004    2.334e-001    1.200e-008      9.727273      0.779580      6.871877      0.795539
  1            5159         11463         25900    3.665e-004    1.946e-001    1.283e-008      8.090909      0.746673      5.007171      0.951872
  1            5294          6945         14139    6.055e-004    2.889e-001    5.935e-007     10.545455      0.757660     11.029742      0.913386
  1            2849          1354         14284    8.362e-004    1.662e-001    2.340e-007     10.909091      0.810129     11.009055      0.810811
  1            3848         10241         12042    4.309e-004    1.760e-001    4.567e-007      7.909091      0.725997      6.196130      0.896907
  1            3525         13957           363    8.777e-004    1.758e-001    2.198e-007      6.636364      0.646763      6.013662      0.895706
  1            2475          4208         11999    8.087e-004    1.145e-001    1.797e-006      8.363636      0.726764      3.283381      0.978723
  1            1359          7954         10043    5.327e-004    2.573e-001    3.557e-006      5.272727      0.629515      1.351115      0.991453
  1            1809         12552         16224    9.592e-004    1.804e-001    8.461e-006      8.909091      0.716881      4.020471      0.970297
  1            6247          9320         18013    9.288e-004    2.696e-001    2.489e-007     13.363636      0.830829     12.967592      0.915888
