1750527 
2 
4 
2.43E+03 3.87E+03 3.75E+03 6.24E+03 4.51E+03 5.19E+03 4.62E+03 4.59E+03 7.42E+03 4.23E+03 7.71E+03 
8.23E+02 2.38E+03 1.69E+03 1.82E+03 2.07E+03 7.47E+02 1.00E+03 2.79E+01 1.08E+02 1.96E+03 2.17E+03 
5.27E-04 9.61E-04 1.53E-03 2.54E-04 6.55E-04 1.00E-03 1.45E-04 1.56E-04 1.01E-03 3.58E-04 1.10E-04 
1.28E+04 1.15E+04 1.21E+04 1.36E+04 1.06E+04 1.47E+04 1.12E+04 1.34E+04 1.65E+04 1.38E+04 1.08E+04 
0 0 0 0 
3.67 3.3 
3.18 3.18 
-3.3 1 
4.08 3.6 
3.67 3.3 0 0.5
3.18 3.18 0 0.5
-3.3 1 0 0.5
4.08 3.6 0 0.5
1 
10000 
10000