-1554792928
-918720066
-1087415138
714053389
214875983
-1947230898
-1382776632
652126436
278134460
789959205
-1009352932
-819977824
1581046722
-70959878
643015298
-1268826364
247694751
195980244
1673325811
-635532425
-737595292
1474105607
175529651
525476905
710698703
465766377
-64767694
-630223148
-1784262287
545646816
-1011311198
-500208384
2069905820
-1055774356
1038294730
-1376865534
-246608481
-411829430
959130427
-193959665
-407199395
-1911746757
2140681937
-72988917
-20576373
-648494033
407051919
1044089462
611128086
1567494912
743526622
395296136
1445462701
-1788279803
-552760504
-1785844324
-58681156
-2041376448
1027289698
28922036
431788712
765643566
606726360
-1783881108
-327259593
-29560981
-2063022871
-1794647946
1533901044
454043003
819105205
-618348194
-2093100292
1306097439
1273396100
1010208860
1316430760
-1416177031
-445928740
1725408918
368787206
2063774901
282311323
-1780180921
-729099797
1559922827
-1172464716
-2058041304
620989241
360984289
-469092238
536582201
413721989
-601912536
-1635517876
236750309
-1228317524
226506558
65
