scenario  Ne(u+sni)_1     t(u+sni)_1      Na(u+sni)_1   
   1        7.436e-1        7.853e-1        1.403e-2
   1           1.493           1.048        1.403e-2
   1           2.070           1.126        1.403e-2
   1           1.332           1.143        1.403e-2
   1           1.746           1.169        1.403e-2
   1           2.148        5.502e-1        1.403e-2
   1           3.823           1.937        1.403e-2
   1           2.540        7.927e-2        1.403e-2
   1           3.075           2.535        1.403e-2
   1           2.129           1.326        1.403e-2
   1           1.303        3.404e-1        1.403e-2
   1           2.584           1.798        1.403e-2
   1           2.404           7.353        1.403e-2
   1           3.470           2.110        1.403e-2
   1           2.445           2.651        1.403e-2
   1           2.955           6.167        1.403e-2
   1           1.280        7.026e-1        1.403e-2
   1           1.823        2.851e-1        1.403e-2
   1           2.861           7.215        1.403e-2
   1           2.361           2.567        1.403e-2
   1           1.665        1.864e-1        1.403e-2
   1           2.601        1.811e-1        1.403e-2
   1           2.771           1.383        1.403e-2
   1           1.257        3.110e-1        1.403e-2
   1           1.897           3.921        1.403e-2
   1           2.121        7.427e-1        1.403e-2
   1           1.356           1.339        1.403e-2
   1           2.118           1.291        1.403e-2
   1           1.363        4.539e-1        1.403e-2
   1           3.723           1.577        1.403e-2
   1           2.526        1.897e-1        1.403e-2
   1           3.560           1.216        1.403e-2
   1           2.496          14.722        1.403e-2
   1           1.784           3.563        1.403e-2
   1           1.787        2.115e-1        1.403e-2
   1           3.080           6.717        1.403e-2
   1           2.761           2.402        1.403e-2
   1           1.161        6.236e-2        1.403e-2
   1           2.609        4.341e-1        1.403e-2
   1           3.333           1.020        1.403e-2
   1           2.337        8.103e-1        1.403e-2
   1           1.666        9.352e-2        1.403e-2
   1           1.347        2.666e-1        1.403e-2
   1           2.213           4.550        1.403e-2
   1           2.059        5.458e-1        1.403e-2
   1           2.605        1.883e-1        1.403e-2
   1           4.642           2.072        1.403e-2
   1           2.329        8.190e-1        1.403e-2
   1           1.944        6.305e-1        1.403e-2
   1           2.936        3.796e-1        1.403e-2
   1           2.674        5.058e-1        1.403e-2
   1           1.527        2.965e-1        1.403e-2
   1           2.486        8.926e-1        1.403e-2
   1           2.678           1.526        1.403e-2
   1           3.671        4.018e-2        1.403e-2
   1           2.266        1.698e-1        1.403e-2
   1        8.631e-1        9.704e-2        1.403e-2
   1           2.246           4.354        1.403e-2
   1           1.356           1.364        1.403e-2
   1           2.628        4.158e-1        1.403e-2
   1           2.806        3.968e-1        1.403e-2
   1           2.204        8.130e-1        1.403e-2
   1           1.261           3.690        1.403e-2
   1           1.037        5.222e-1        1.403e-2
   1           3.623           4.320        1.403e-2
   1           1.969           1.140        1.403e-2
   1           2.765        3.633e-1        1.403e-2
   1           1.437        4.212e-1        1.403e-2
   1           1.501        2.527e-1        1.403e-2
   1           1.333        9.014e-1        1.403e-2
   1           1.252        6.089e-2        1.403e-2
   1           2.961           1.212        1.403e-2
   1           2.863        1.764e-1        1.403e-2
   1           1.850        8.050e-1        1.403e-2
   1           1.689        2.313e-1        1.403e-2
   1           2.207        2.050e-1        1.403e-2
   1           1.009           1.402        1.403e-2
   1           2.848           1.239        1.403e-2
   1           1.339        2.895e-1        1.403e-2
   1           2.639        9.522e-1        1.403e-2
   1           1.367        6.122e-1        1.403e-2
   1           3.074        5.264e-1        1.403e-2
   1           1.356        6.433e-2        1.403e-2
   1           2.875           1.143        1.403e-2
   1           1.344        1.329e-1        1.403e-2
   1           1.941           2.246        1.403e-2
   1           3.767           6.938        1.403e-2
   1           3.888        4.511e-1        1.403e-2
   1           1.916           5.153        1.403e-2
   1           1.827        4.195e-1        1.403e-2
   1           4.289           4.620        1.403e-2
   1           1.106        8.151e-2        1.403e-2
   1           2.502           7.663        1.403e-2
   1           1.715           1.030        1.403e-2
   1           1.035        3.369e-1        1.403e-2
   1           2.526        8.371e-2        1.403e-2
   1        9.647e-1        4.608e-1        1.403e-2
   1           2.912           3.500        1.403e-2
   1           3.243           1.212        1.403e-2
   1           2.386        3.100e-1        1.403e-2
   1           1.359        1.779e-1        1.403e-2
   1           1.147           1.681        1.403e-2
   1           1.482        1.700e-1        1.403e-2
   1           2.928           2.633        1.403e-2
   1           1.838        1.082e-1        1.403e-2
   1           2.233           3.947        1.403e-2
   1           1.822           2.061        1.403e-2
   1           1.170        2.184e-1        1.403e-2
   1           2.766           2.580        1.403e-2
   1           2.416        7.445e-1        1.403e-2
   1        7.166e-1        2.434e-1        1.403e-2
   1        7.205e-1        4.513e-2        1.403e-2
   1           2.482          12.050        1.403e-2
   1           1.823        3.968e-1        1.403e-2
   1           1.592        9.148e-2        1.403e-2
   1           2.604        2.253e-1        1.403e-2
   1           1.527           2.893        1.403e-2
   1           3.752           3.353        1.403e-2
   1           2.194        1.535e-1        1.403e-2
   1           1.273           1.175        1.403e-2
   1        9.896e-1        6.233e-2        1.403e-2
   1           4.074           5.160        1.403e-2
   1           2.285        1.575e-1        1.403e-2
   1           3.688        8.839e-1        1.403e-2
   1           3.258           8.240        1.403e-2
   1           3.028        9.941e-1        1.403e-2
   1           1.273        1.155e-1        1.403e-2
   1           1.311        4.256e-2        1.403e-2
   1           1.003        1.415e-1        1.403e-2
   1           1.110        1.469e-1        1.403e-2
   1           1.956           2.836        1.403e-2
   1           3.545           3.036        1.403e-2
   1        9.647e-1        2.598e-1        1.403e-2
   1           2.345        2.849e-1        1.403e-2
   1           3.957        3.212e-1        1.403e-2
   1        9.032e-1        7.770e-2        1.403e-2
   1           1.253        8.486e-2        1.403e-2
   1        8.312e-1        1.008e-1        1.403e-2
   1           1.247        9.827e-2        1.403e-2
   1           2.700           2.666        1.403e-2
   1           1.327           6.329        1.403e-2
   1           1.296        1.589e-1        1.403e-2
   1           1.603        5.659e-1        1.403e-2
   1           2.678           8.216        1.403e-2
   1           4.025           3.465        1.403e-2
   1           5.655        8.815e-1        1.403e-2
   1           2.399        4.309e-1        1.403e-2
   1           2.687           1.695        1.403e-2
   1           2.715        4.393e-1        1.403e-2
   1           2.774           1.030        1.403e-2
   1           2.425        1.324e-1        1.403e-2
   1           2.254           4.930        1.403e-2
   1           1.165        3.059e-1        1.403e-2
   1           2.087        3.610e-1        1.403e-2
   1           2.154           8.900        1.403e-2
   1           1.798        6.205e-1        1.403e-2
   1           2.854        4.394e-1        1.403e-2
   1           1.612        6.161e-2        1.403e-2
   1           3.634           8.705        1.403e-2
   1           1.400           2.717        1.403e-2
   1           3.222        6.368e-1        1.403e-2
   1           1.234           1.511        1.403e-2
   1           2.709        1.189e-1        1.403e-2
   1           1.875           2.216        1.403e-2
   1           2.591           2.273        1.403e-2
   1           1.136        3.658e-1        1.403e-2
   1           2.115        5.075e-1        1.403e-2
   1           1.447        9.899e-2        1.403e-2
   1           1.884           1.582        1.403e-2
   1           3.149           2.227        1.403e-2
   1           2.692           1.279        1.403e-2
   1           1.068        2.089e-1        1.403e-2
   1           2.416           1.008        1.403e-2
   1           2.048           1.813        1.403e-2
   1           2.485        3.777e-1        1.403e-2
   1           1.689        1.531e-1        1.403e-2
   1        7.904e-1        2.021e-1        1.403e-2
   1           1.060        1.096e-1        1.403e-2
   1           1.391           1.672        1.403e-2
   1           2.516        7.068e-1        1.403e-2
   1           3.692        6.715e-1        1.403e-2
   1           1.591        2.046e-1        1.403e-2
   1           2.565           7.212        1.403e-2
   1           1.135        1.189e-1        1.403e-2
   1           1.178           5.272        1.403e-2
   1           1.239        9.884e-2        1.403e-2
   1           2.003        1.464e-1        1.403e-2
   1        9.942e-1        3.780e-1        1.403e-2
   1           3.768           9.201        1.403e-2
   1           1.641           4.542        1.403e-2
   1           1.782        7.967e-1        1.403e-2
   1           5.006        3.359e-1        1.403e-2
   1           1.404           2.451        1.403e-2
   1           1.933           1.068        1.403e-2
   1           4.379        6.025e-1        1.403e-2
   1           1.088        4.081e-1        1.403e-2
   1           1.642           1.388        1.403e-2
   1           1.220        5.708e-2        1.403e-2
   1           1.228        4.312e-1        1.403e-2
   1        6.659e-1        5.756e-2        1.403e-2
   1           4.631        4.657e-1        1.403e-2
   1           2.374        4.799e-1        1.403e-2
   1           1.893           1.125        1.403e-2
   1           2.839           1.674        1.403e-2
   1           1.203        4.234e-1        1.403e-2
   1           2.287           5.560        1.403e-2
   1           2.701           1.079        1.403e-2
   1           1.371        2.103e-1        1.403e-2
   1           2.027        1.214e-1        1.403e-2
   1           1.444        8.519e-1        1.403e-2
   1           1.436        3.925e-1        1.403e-2
   1           2.189        3.299e-1        1.403e-2
   1           1.286        7.245e-1        1.403e-2
   1           1.476        4.265e-2        1.403e-2
   1           1.626           3.717        1.403e-2
   1           3.329           1.303        1.403e-2
   1           2.460        1.592e-1        1.403e-2
   1           1.491           2.385        1.403e-2
   1           1.794        4.567e-1        1.403e-2
   1           1.358        2.969e-1        1.403e-2
   1           2.981           2.967        1.403e-2
   1           1.674        8.819e-1        1.403e-2
   1           1.789        3.813e-1        1.403e-2
   1           1.647        1.356e-1        1.403e-2
   1           1.608        1.947e-1        1.403e-2
   1           1.594        4.455e-1        1.403e-2
   1           2.206        9.599e-2        1.403e-2
   1           1.804        2.092e-1        1.403e-2
   1           2.567           2.359        1.403e-2
   1        8.575e-1        4.766e-1        1.403e-2
   1           1.662           1.335        1.403e-2
   1           2.428        3.320e-1        1.403e-2
   1           2.973           9.553        1.403e-2
   1           1.109        1.513e-1        1.403e-2
   1           3.042        3.172e-1        1.403e-2
   1           4.265        2.826e-1        1.403e-2
   1        8.032e-1           1.176        1.403e-2
   1           1.341        6.450e-1        1.403e-2
   1           1.832        1.079e-1        1.403e-2
   1           1.740        2.275e-1        1.403e-2
   1           3.687           2.331        1.403e-2
   1           2.570        2.070e-1        1.403e-2
   1        8.428e-1        2.692e-1        1.403e-2
   1           1.194        5.464e-2        1.403e-2
   1           2.414        3.359e-1        1.403e-2
   1           2.516           6.450        1.403e-2
   1           1.531        6.621e-2        1.403e-2
   1        8.746e-1        6.704e-2        1.403e-2
   1           1.456        6.627e-1        1.403e-2
   1           2.097           1.312        1.403e-2
   1           1.480        2.581e-1        1.403e-2
   1           2.566           1.176        1.403e-2
   1           2.633           1.457        1.403e-2
   1           1.547        3.800e-1        1.403e-2
   1           2.219        1.986e-1        1.403e-2
   1           1.974        5.026e-2        1.403e-2
   1           1.599           6.892        1.403e-2
   1           1.982        1.936e-1        1.403e-2
   1           1.802        4.288e-1        1.403e-2
   1           3.140        6.542e-1        1.403e-2
   1           2.108        2.913e-1        1.403e-2
   1           2.875        2.053e-1        1.403e-2
   1           1.842        1.657e-1        1.403e-2
   1           1.185        3.315e-1        1.403e-2
   1           1.755        5.461e-2        1.403e-2
   1        6.678e-1        5.401e-2        1.403e-2
   1           1.697          10.733        1.403e-2
   1           2.591           1.341        1.403e-2
   1           2.926        4.059e-2        1.403e-2
   1           1.290        4.541e-1        1.403e-2
   1           1.321        7.439e-2        1.403e-2
   1           1.260        9.899e-2        1.403e-2
   1           1.872           7.561        1.403e-2
   1        8.852e-1        6.028e-2        1.403e-2
   1           1.779        1.937e-1        1.403e-2
   1           1.425        6.638e-2        1.403e-2
   1           1.889        7.566e-2        1.403e-2
   1           1.758        3.601e-1        1.403e-2
   1           1.845        4.933e-1        1.403e-2
   1           2.331        2.650e-1        1.403e-2
   1           2.322        1.744e-1        1.403e-2
   1           1.551        1.666e-1        1.403e-2
   1           2.709           1.608        1.403e-2
   1           1.863           1.728        1.403e-2
   1           1.334        8.176e-2        1.403e-2
   1           2.423        7.244e-1        1.403e-2
   1           2.198        3.633e-1        1.403e-2
   1           1.720           1.213        1.403e-2
   1           2.337        1.508e-1        1.403e-2
   1           2.155           2.387        1.403e-2
   1           2.305        8.512e-1        1.403e-2
   1           2.021        6.079e-1        1.403e-2
   1           1.123        5.922e-2        1.403e-2
   1           1.129        1.233e-1        1.403e-2
   1        8.102e-1        2.150e-1        1.403e-2
   1           1.614           7.796        1.403e-2
   1           1.792        1.729e-1        1.403e-2
   1           1.112           1.346        1.403e-2
   1           1.559           3.893        1.403e-2
   1           2.667           2.624        1.403e-2
   1           1.103        1.129e-1        1.403e-2
   1           1.382        3.165e-1        1.403e-2
   1           1.562        4.962e-2        1.403e-2
   1           1.426           1.167        1.403e-2
   1           1.129        6.220e-2        1.403e-2
   1           1.087        6.679e-1        1.403e-2
   1           2.715           4.262        1.403e-2
   1           1.136        4.929e-2        1.403e-2
   1           1.827        5.447e-2        1.403e-2
   1           3.176        6.942e-1        1.403e-2
   1        6.813e-1        5.176e-2        1.403e-2
   1           4.582        2.463e-1        1.403e-2
   1           1.312        1.744e-1        1.403e-2
   1           1.523        9.677e-1        1.403e-2
   1           4.264          12.101        1.403e-2
   1           1.337        1.717e-1        1.403e-2
   1           2.169        2.648e-1        1.403e-2
   1           1.512        2.339e-1        1.403e-2
   1           1.695        7.306e-1        1.403e-2
   1           1.492        3.049e-1        1.403e-2
   1           1.701           3.994        1.403e-2
   1           1.649        3.405e-1        1.403e-2
   1           1.711        1.441e-1        1.403e-2
   1           2.074        1.153e-1        1.403e-2
   1           3.899        3.207e-1        1.403e-2
   1           1.129        8.527e-2        1.403e-2
   1           2.434           1.569        1.403e-2
   1           1.099           1.630        1.403e-2
   1           1.764        3.122e-1        1.403e-2
   1           1.161        4.886e-2        1.403e-2
   1           1.525        7.386e-2        1.403e-2
   1           4.078        7.542e-2        1.403e-2
   1           2.214        6.591e-2        1.403e-2
   1           1.816        4.733e-1        1.403e-2
   1           2.026        8.116e-1        1.403e-2
   1           5.259           1.092        1.403e-2
   1           1.534           1.383        1.403e-2
   1           3.912           1.974        1.403e-2
   1        9.715e-1        9.052e-2        1.403e-2
   1           1.867        2.362e-1        1.403e-2
   1        5.889e-1        8.003e-2        1.403e-2
   1           1.049        3.002e-1        1.403e-2
   1           1.853        4.703e-1        1.403e-2
   1           1.885        3.857e-1        1.403e-2
   1           2.079           1.066        1.403e-2
   1           1.264        5.341e-1        1.403e-2
   1           1.513        1.560e-1        1.403e-2
   1           2.848        3.127e-1        1.403e-2
   1           2.497        9.773e-1        1.403e-2
   1           3.039           1.587        1.403e-2
   1        9.197e-1        1.030e-1        1.403e-2
   1           3.943           1.543        1.403e-2
   1           2.039        4.101e-1        1.403e-2
   1           1.682        7.593e-2        1.403e-2
   1           3.788           2.296        1.403e-2
   1           2.111        4.495e-1        1.403e-2
   1           1.820        1.162e-1        1.403e-2
   1           1.628        7.773e-2        1.403e-2
   1           1.166        2.132e-1        1.403e-2
   1           2.211           5.091        1.403e-2
   1           1.806        1.416e-1        1.403e-2
   1           2.941        5.683e-1        1.403e-2
   1           2.386        6.240e-1        1.403e-2
   1           1.229           5.092        1.403e-2
   1           1.322        5.250e-1        1.403e-2
   1           1.854           1.592        1.403e-2
   1           2.914        4.152e-1        1.403e-2
   1           2.627           2.688        1.403e-2
   1           3.004           4.175        1.403e-2
   1           1.614        9.368e-2        1.403e-2
   1           1.947        6.966e-2        1.403e-2
   1           3.558           1.896        1.403e-2
   1           2.069        1.506e-1        1.403e-2
   1           2.406        7.444e-1        1.403e-2
   1           1.343        9.823e-2        1.403e-2
   1           1.406        6.952e-2        1.403e-2
   1           2.630        9.173e-1        1.403e-2
   1           3.542           6.584        1.403e-2
   1           1.419           1.074        1.403e-2
   1           1.864        1.695e-1        1.403e-2
   1           1.798           5.598        1.403e-2
   1           1.013        2.709e-1        1.403e-2
   1           3.009        7.860e-1        1.403e-2
   1           1.940        9.552e-2        1.403e-2
   1           1.545        4.353e-1        1.403e-2
   1           1.812        8.195e-1        1.403e-2
   1           1.181        1.353e-1        1.403e-2
   1           3.064        2.624e-1        1.403e-2
   1        7.021e-1           1.009        1.403e-2
   1           1.499           1.450        1.403e-2
   1           3.351        1.363e-1        1.403e-2
   1           1.029        2.401e-1        1.403e-2
   1           1.900        5.799e-1        1.403e-2
   1        8.755e-1        2.411e-1        1.403e-2
   1           2.734          11.894        1.403e-2
   1           1.387        4.661e-1        1.403e-2
   1           1.016        9.689e-2        1.403e-2
   1           3.267        1.728e-1        1.403e-2
   1           1.908        7.103e-2        1.403e-2
   1           1.860        1.916e-1        1.403e-2
   1           1.717        2.329e-1        1.403e-2
   1           1.837           1.339        1.403e-2
   1           1.418        9.891e-2        1.403e-2
   1           3.238        9.074e-1        1.403e-2
   1           1.228           3.370        1.403e-2
   1           2.708        2.067e-1        1.403e-2
   1           2.589        2.427e-1        1.403e-2
   1           1.665        6.487e-1        1.403e-2
   1           1.841           9.294        1.403e-2
   1           1.159           1.753        1.403e-2
   1        9.209e-1        7.922e-1        1.403e-2
   1           1.962           2.022        1.403e-2
   1        9.987e-1        1.836e-1        1.403e-2
   1           2.206        6.558e-1        1.403e-2
   1           2.514        4.365e-1        1.403e-2
   1           3.349           1.934        1.403e-2
   1           2.253        2.005e-1        1.403e-2
   1           1.630        1.361e-1        1.403e-2
   1           2.258           3.419        1.403e-2
   1           1.070           2.359        1.403e-2
   1           1.557        2.571e-1        1.403e-2
   1           1.718           5.430        1.403e-2
   1           1.259        1.858e-1        1.403e-2
   1           1.261        5.035e-2        1.403e-2
   1           3.860        2.901e-1        1.403e-2
   1           1.671        4.465e-1        1.403e-2
   1           1.259        1.477e-1        1.403e-2
   1           4.317        7.074e-1        1.403e-2
   1           2.490           4.855        1.403e-2
   1           4.077        1.112e-1        1.403e-2
   1           1.253        4.626e-1        1.403e-2
   1           2.828           1.606        1.403e-2
   1           3.005           5.771        1.403e-2
   1           2.347          11.402        1.403e-2
   1           2.014        2.884e-1        1.403e-2
   1           2.085        4.281e-1        1.403e-2
   1           2.058        2.002e-1        1.403e-2
   1           1.464        1.154e-1        1.403e-2
   1           2.724        1.564e-1        1.403e-2
   1           1.751           2.955        1.403e-2
   1        9.443e-1        8.962e-2        1.403e-2
   1           3.622        8.810e-1        1.403e-2
   1           1.720        5.221e-2        1.403e-2
   1           1.737        5.958e-1        1.403e-2
   1           1.240        1.345e-1        1.403e-2
   1           1.970        1.723e-1        1.403e-2
   1        7.410e-1        4.309e-2        1.403e-2
   1           4.725           1.444        1.403e-2
   1           1.446        9.880e-2        1.403e-2
   1           1.543        4.386e-2        1.403e-2
   1           1.427        2.749e-1        1.403e-2
   1           2.112           7.257        1.403e-2
   1           3.570        4.305e-1        1.403e-2
   1           2.891           1.094        1.403e-2
   1           3.277           1.516        1.403e-2
   1           1.984        3.825e-1        1.403e-2
   1           2.352        9.789e-1        1.403e-2
   1        7.761e-1        2.170e-1        1.403e-2
   1           1.245        1.003e-1        1.403e-2
   1           2.231        3.375e-1        1.403e-2
   1           2.589        6.956e-1        1.403e-2
   1           1.465           2.642        1.403e-2
   1           1.422        1.842e-1        1.403e-2
   1           1.533        3.560e-1        1.403e-2
   1           1.657        2.164e-1        1.403e-2
   1           2.300        2.076e-1        1.403e-2
   1        8.987e-1        1.017e-1        1.403e-2
   1           1.624        1.070e-1        1.403e-2
   1        8.228e-1        1.042e-1        1.403e-2
   1           3.306           8.836        1.403e-2
   1           2.134        1.970e-1        1.403e-2
   1           3.457        8.847e-1        1.403e-2
   1           1.492        3.945e-1        1.403e-2
   1           2.866        6.941e-1        1.403e-2
   1        9.489e-1        5.662e-1        1.403e-2
   1           3.148          10.178        1.403e-2
   1           2.503        5.218e-1        1.403e-2
   1           1.475        4.799e-1        1.403e-2
   1           1.964        9.982e-1        1.403e-2
   1           1.107        1.842e-1        1.403e-2
   1           2.578        3.240e-1        1.403e-2
   1           2.947           8.745        1.403e-2
   1           3.256           1.482        1.403e-2
   1           1.902        6.774e-1        1.403e-2
   1           1.053        1.043e-1        1.403e-2
   1           1.533        3.518e-1        1.403e-2
   1           1.248        9.056e-1        1.403e-2
   1           2.791           9.363        1.403e-2
   1           1.937           2.580        1.403e-2
   1           2.051           2.518        1.403e-2
   1           1.583        2.435e-1        1.403e-2
   1        6.525e-1        4.604e-2        1.403e-2
   1           1.843        9.180e-1        1.403e-2
   1           2.130        1.557e-1        1.403e-2
   1           2.722        5.303e-1        1.403e-2
   1           1.930        2.282e-1        1.403e-2
   1        9.443e-1        1.354e-1        1.403e-2
   1           3.278           4.638        1.403e-2
   1           1.023        5.280e-1        1.403e-2
   1           2.141        2.319e-1        1.403e-2
   1           3.712        9.788e-1        1.403e-2
   1           2.065           1.101        1.403e-2
   1           2.124           1.422        1.403e-2
   1           2.312        7.330e-1        1.403e-2
   1           2.735        5.221e-1        1.403e-2
   1           2.051        9.450e-1        1.403e-2
   1           2.014        5.532e-2        1.403e-2
   1           1.649        2.938e-1        1.403e-2
   1           1.177           1.174        1.403e-2
   1        8.694e-1           1.119        1.403e-2
   1           1.575        6.244e-1        1.403e-2
   1           1.850        2.340e-1        1.403e-2
   1           1.119        6.294e-2        1.403e-2
   1        8.688e-1        1.583e-1        1.403e-2
   1           2.252           1.012        1.403e-2
   1           1.215        1.803e-1        1.403e-2
   1        9.176e-1        8.999e-1        1.403e-2
   1           1.282        2.154e-1        1.403e-2
   1           1.541        6.452e-2        1.403e-2
   1        6.947e-1        8.878e-2        1.403e-2
   1           1.436           3.976        1.403e-2
   1           2.020        1.823e-1        1.403e-2
   1           1.405        5.345e-2        1.403e-2
   1           3.469           2.920        1.403e-2
   1           1.621        8.022e-1        1.403e-2
   1           1.178        1.129e-1        1.403e-2
   1           1.566           1.280        1.403e-2
   1           4.456           7.455        1.403e-2
   1           1.895        9.865e-2        1.403e-2
   1           2.119        4.212e-1        1.403e-2
   1        9.789e-1        1.498e-1        1.403e-2
   1           3.817        1.986e-1        1.403e-2
   1           2.316        8.638e-1        1.403e-2
   1           1.391           1.746        1.403e-2
   1           3.221        5.911e-1        1.403e-2
   1           1.135        1.737e-1        1.403e-2
   1           2.694        4.302e-1        1.403e-2
   1        9.273e-1          19.208        1.403e-2
   1           2.308           3.194        1.403e-2
   1           2.636        9.634e-2        1.403e-2
   1           3.369           2.598        1.403e-2
   1           1.581        1.252e-1        1.403e-2
   1           1.208        4.594e-1        1.403e-2
   1           1.869        3.168e-1        1.403e-2
   1           2.777           4.942        1.403e-2
   1           2.824        1.710e-1        1.403e-2
   1        9.640e-1        6.711e-2        1.403e-2
   1           2.725        1.384e-1        1.403e-2
   1           1.442        8.247e-1        1.403e-2
   1           1.823        4.919e-1        1.403e-2
   1        8.892e-1        1.983e-1        1.403e-2
   1           1.777        1.334e-1        1.403e-2
   1           2.163        1.157e-1        1.403e-2
   1           2.424        1.849e-1        1.403e-2
   1           2.719           1.135        1.403e-2
   1           3.503           2.222        1.403e-2
   1           1.519        9.053e-1        1.403e-2
   1           1.321        1.516e-1        1.403e-2
   1           2.485        2.253e-1        1.403e-2
   1        9.578e-1        4.143e-1        1.403e-2
   1           1.841        2.069e-1        1.403e-2
   1           1.195        1.322e-1        1.403e-2
   1           2.227        2.128e-1        1.403e-2
   1           1.932        6.065e-2        1.403e-2
   1           1.449        2.243e-1        1.403e-2
   1           1.918        4.362e-2        1.403e-2
   1           2.882        1.135e-1        1.403e-2
   1           3.587           3.403        1.403e-2
   1           1.795           3.398        1.403e-2
   1           1.285        5.273e-2        1.403e-2
   1           1.233        2.319e-1        1.403e-2
   1           1.188           2.996        1.403e-2
   1           1.760        4.738e-1        1.403e-2
   1           1.867           2.836        1.403e-2
   1           2.255        2.190e-1        1.403e-2
   1           1.502        4.861e-1        1.403e-2
   1           2.285        5.220e-1        1.403e-2
   1           1.513        6.696e-2        1.403e-2
   1           1.385        4.504e-2        1.403e-2
   1           1.925        4.957e-1        1.403e-2
   1           3.120        4.425e-1        1.403e-2
   1           1.665        6.959e-2        1.403e-2
   1           1.380        2.249e-1        1.403e-2
   1           2.082        1.432e-1        1.403e-2
   1           3.177        1.428e-1        1.403e-2
   1           1.503        2.487e-1        1.403e-2
   1           1.133        3.589e-1        1.403e-2
   1           2.632        9.066e-1        1.403e-2
   1           2.244        5.785e-1        1.403e-2
   1           3.637           1.177        1.403e-2
   1           2.922           1.981        1.403e-2
   1           2.257        2.268e-1        1.403e-2
   1           2.070        1.618e-1        1.403e-2
   1           1.079        9.822e-2        1.403e-2
   1           4.160           3.317        1.403e-2
   1           1.400        4.995e-1        1.403e-2
   1           2.746        3.455e-1        1.403e-2
   1           1.890        6.725e-2        1.403e-2
   1           4.482        1.366e-1        1.473e-2
   1           1.424        1.628e-1        1.403e-2
   1           1.060        8.739e-2        1.403e-2
   1           1.507           1.541        1.403e-2
   1           1.072        1.257e-1        1.403e-2
   1           2.331           2.529        1.403e-2
   1           1.082        6.883e-1        1.403e-2
   1           2.980           2.531        1.403e-2
   1           1.739        6.489e-2        1.403e-2
   1           2.655        2.966e-1        1.403e-2
   1           1.659        5.136e-1        1.403e-2
   1           2.802           4.401        1.403e-2
   1           1.593        3.310e-1        1.403e-2
   1           2.031        3.797e-1        1.403e-2
   1           1.602        9.070e-1        1.403e-2
   1           2.723        5.036e-2        1.403e-2
   1           1.643        6.574e-2        1.403e-2
   1           1.460        1.729e-1        1.403e-2
   1           2.284        3.976e-1        1.403e-2
   1           2.243        5.672e-2        1.403e-2
   1           2.378           2.839        1.403e-2
   1           3.430           4.351        1.403e-2
   1           3.717        1.173e-1        1.403e-2
   1           2.390        7.679e-2        1.403e-2
   1           1.234        7.665e-2        1.403e-2
   1           1.130        1.509e-1        1.403e-2
   1           1.379        1.291e-1        1.403e-2
   1           1.548        1.569e-1        1.403e-2
   1           1.454           1.055        1.403e-2
   1        7.160e-1        5.854e-2        1.403e-2
   1           2.982        8.514e-1        1.403e-2
   1           1.336        7.796e-2        1.403e-2
   1           4.698        2.135e-1        1.403e-2
   1           2.099        3.504e-1        1.403e-2
   1           1.285        3.015e-1        1.403e-2
   1           3.124           1.124        1.403e-2
   1           1.700           1.167        1.403e-2
   1           2.275           4.205        1.403e-2
   1           2.857           7.474        1.403e-2
   1           1.622        6.716e-1        1.403e-2
   1           4.121           4.086        1.403e-2
   1           2.951        5.634e-2        1.403e-2
   1           2.352        3.015e-1        1.403e-2
   1           3.349           1.078        1.403e-2
   1           2.192           2.255        1.403e-2
   1           1.194        5.562e-1        1.403e-2
   1           2.464        3.885e-1        1.403e-2
   1           2.554           1.021        1.403e-2
   1        6.918e-1        4.677e-2        1.403e-2
   1           1.661        1.916e-1        1.403e-2
   1           2.932           1.149        1.403e-2
   1           1.138        2.074e-1        1.403e-2
   1        9.281e-1        1.311e-1        1.403e-2
   1           3.580           8.986        1.403e-2
   1           2.133        5.291e-1        1.403e-2
   1           1.252        1.843e-1        1.403e-2
   1        8.845e-1        1.599e-1        1.403e-2
   1           3.634           1.181        1.403e-2
   1           2.756        2.231e-1        1.403e-2
   1           3.774           1.369        1.403e-2
   1           1.037           1.867        1.403e-2
   1           2.891           1.106        1.403e-2
   1           1.613           1.507        1.403e-2
   1           1.432        4.595e-1        1.403e-2
   1           1.574           1.607        1.403e-2
   1           2.207           3.545        1.403e-2
   1           1.427        1.941e-1        1.403e-2
   1           1.518           1.728        1.403e-2
   1           1.709        2.589e-1        1.403e-2
   1           4.085           1.063        1.403e-2
   1           4.080        3.497e-1        1.403e-2
   1           1.608        3.586e-1        1.403e-2
   1           1.844        4.349e-1        1.403e-2
   1           1.079           1.589        1.403e-2
   1        9.167e-1        4.749e-2        1.403e-2
   1        7.975e-1        2.576e-1        1.403e-2
   1           2.578        1.883e-1        1.403e-2
   1           1.113        1.366e-1        1.403e-2
   1           3.183        4.548e-1        1.403e-2
   1           1.516           1.055        1.403e-2
   1           4.139        5.850e-1        1.403e-2
   1           2.627           6.874        1.403e-2
   1           1.550        8.281e-2        1.403e-2
   1           4.121          11.086        1.403e-2
   1        7.390e-1        7.707e-2        1.403e-2
   1           2.244        8.491e-2        1.403e-2
   1           1.896           4.365        1.403e-2
   1           1.768        3.236e-1        1.403e-2
   1           4.702          16.273        1.403e-2
   1           3.716        6.387e-1        1.403e-2
   1           1.594        5.096e-2        1.403e-2
   1           2.087           2.005        1.403e-2
   1           1.479           1.015        1.403e-2
   1           2.566        9.983e-2        1.403e-2
   1           2.434           1.293        1.403e-2
   1           2.070        6.074e-2        1.403e-2
   1           1.384        1.162e-1        1.403e-2
   1           2.307        6.232e-2        1.403e-2
   1           1.233        6.015e-1        1.403e-2
   1           2.570        8.728e-1        1.403e-2
   1           1.095        5.937e-2        1.403e-2
   1           1.487        4.690e-2        1.403e-2
   1           1.176        4.549e-2        1.403e-2
   1           2.163        2.497e-1        1.403e-2
   1           2.536           1.039        1.403e-2
   1           3.789        5.721e-1        1.403e-2
   1           3.147           4.434        1.403e-2
   1           1.709           1.930        1.403e-2
   1           1.932        4.805e-1        1.403e-2
   1           2.476        1.438e-1        1.403e-2
   1           1.586        2.487e-1        1.403e-2
   1        8.470e-1        5.958e-2        1.403e-2
   1           3.359        3.572e-1        1.403e-2
   1           1.569        1.437e-1        1.403e-2
   1           2.320        7.584e-1        1.403e-2
   1        7.586e-1        3.051e-1        1.403e-2
   1           1.920        1.251e-1        1.403e-2
   1           1.046        9.594e-1        1.403e-2
   1           1.584        1.267e-1        1.403e-2
   1           2.381        2.394e-1        1.403e-2
   1           2.965        4.002e-1        1.403e-2
   1           2.809        7.278e-1        1.403e-2
   1           3.164           7.714        1.403e-2
   1           2.000           7.291        1.403e-2
   1        8.009e-1        4.109e-1        1.403e-2
   1           1.120           5.078        1.403e-2
   1           2.087        4.431e-2        1.403e-2
   1           4.760           1.238        1.403e-2
   1           3.255           3.060        1.403e-2
   1           2.003           1.176        1.403e-2
   1           1.954        3.132e-1        1.403e-2
   1           1.630        7.211e-1        1.403e-2
   1           1.806        8.066e-1        1.403e-2
   1           2.279        2.011e-1        1.403e-2
   1           2.027           4.247        1.403e-2
   1           1.082        1.989e-1        1.403e-2
   1           2.678        3.527e-1        1.403e-2
   1           1.818        3.644e-1        1.403e-2
   1           1.931        7.196e-2        1.403e-2
   1           1.229        4.513e-1        1.403e-2
   1           1.775           1.142        1.403e-2
   1           1.857           2.111        1.403e-2
   1           1.498           1.073        1.403e-2
   1           1.660        5.533e-1        1.403e-2
   1           1.028           1.428        1.403e-2
   1           2.918           1.819        1.403e-2
   1           1.495        1.983e-1        1.403e-2
   1           2.493        1.884e-1        1.403e-2
   1           2.445        2.399e-1        1.403e-2
   1           1.287        1.281e-1        1.403e-2
   1           2.968           5.166        1.403e-2
   1           1.627           1.876        1.403e-2
   1           2.524           1.547        1.403e-2
   1           2.621           2.016        1.403e-2
   1           2.559           3.501        1.403e-2
   1           2.630        7.688e-2        1.403e-2
   1           1.535          10.037        1.403e-2
   1           1.809        5.172e-2        1.403e-2
   1           1.394        2.391e-1        1.403e-2
   1        8.327e-1        1.458e-1        1.403e-2
   1           2.418        9.519e-1        1.403e-2
   1           2.875        2.690e-1        1.403e-2
   1           1.293        5.401e-2        1.403e-2
   1           1.058        3.724e-1        1.403e-2
   1           2.448           7.289        1.403e-2
   1           2.933           1.365        1.403e-2
   1           3.723        6.017e-1        1.403e-2
   1        9.911e-1        5.351e-2        1.403e-2
   1           2.653        3.575e-1        1.403e-2
   1           2.878           2.966        1.403e-2
   1           1.560        1.362e-1        1.403e-2
   1        9.247e-1        3.707e-1        1.403e-2
   1           2.112        3.849e-1        1.403e-2
   1           2.144        4.913e-1        1.403e-2
   1        7.071e-1        6.474e-1        1.403e-2
   1           1.710        5.751e-2        1.403e-2
   1           3.170          10.298        1.403e-2
   1           1.133        6.511e-2        1.403e-2
   1           3.984           2.160        1.403e-2
   1           2.151        9.629e-2        1.403e-2
   1           3.878           3.912        1.403e-2
   1           1.793        3.980e-1        1.403e-2
   1           3.582        3.411e-1        1.403e-2
   1           1.130        5.056e-1        1.403e-2
   1           1.180        8.070e-2        1.403e-2
   1           1.505          12.015        1.403e-2
   1           2.040        1.291e-1        1.403e-2
   1           4.020           2.906        1.403e-2
   1           1.354        2.263e-1        1.403e-2
   1           3.565           1.720        1.403e-2
   1           3.457        7.781e-2        1.403e-2
   1           1.566        8.721e-1        1.403e-2
   1           3.951        4.506e-1          22.362
   1           3.988           1.021        1.403e-2
   1           4.570        7.821e-1        1.403e-2
   1           1.045        4.249e-2        1.403e-2
   1           1.923           1.939        1.403e-2
   1           1.267        1.768e-1        1.403e-2
   1           1.249        3.690e-1        1.403e-2
   1           2.271        8.640e-1        1.403e-2
   1           2.800           2.176        1.403e-2
   1           2.613        1.617e-1        1.403e-2
   1        7.694e-1        7.766e-2        1.403e-2
   1           1.661        8.125e-2        1.403e-2
   1           1.005        1.373e-1        1.403e-2
   1           5.655        7.755e-2        1.403e-2
   1           3.039        3.919e-1        1.403e-2
   1           3.953           3.386        1.403e-2
   1           3.157        3.659e-1        1.403e-2
   1           1.013        6.258e-2        1.403e-2
   1           1.850        4.097e-1        1.403e-2
   1           3.313          14.178        1.403e-2
   1           3.127           1.083        1.403e-2
   1           1.598        3.634e-1        1.403e-2
   1           2.783        3.700e-1        1.403e-2
   1        8.558e-1        2.125e-1        1.403e-2
   1           3.321           1.428        1.403e-2
   1        9.870e-1        4.467e-2        1.403e-2
   1           2.494        2.210e-1        1.403e-2
   1           4.925           6.129        1.403e-2
   1           1.248        1.530e-1        1.403e-2
   1           2.082        3.407e-1        1.403e-2
   1           3.088           6.629        1.403e-2
   1           1.020        1.404e-1        1.403e-2
   1        5.618e-1        5.582e-2        1.403e-2
   1           1.286        1.255e-1        1.403e-2
   1           1.962           3.272        1.403e-2
   1           1.560        2.029e-1        1.403e-2
   1           2.192           1.034        1.403e-2
   1           1.454        6.040e-2        1.403e-2
   1           2.111        6.988e-1        1.403e-2
   1           1.402        3.037e-1        1.403e-2
   1           2.214           4.943        1.403e-2
   1           1.191        3.732e-1        1.403e-2
   1           1.526        9.280e-2        1.403e-2
   1           1.479        8.035e-2        1.403e-2
   1           1.933        2.037e-1        1.403e-2
   1           1.501        1.892e-1        1.403e-2
   1           2.122        8.179e-1        1.403e-2
   1           3.347        5.793e-1        1.403e-2
   1           1.153        8.425e-2        1.403e-2
   1           1.460        6.613e-2        1.403e-2
   1           1.820        4.865e-1        1.403e-2
   1           2.450        7.788e-1        1.403e-2
   1           2.789           2.074        1.403e-2
   1           1.217        5.317e-1        1.403e-2
   1           2.996           4.685        1.403e-2
   1           1.771           6.877        1.403e-2
   1           2.621        7.506e-1        1.403e-2
   1           3.246        7.063e-1        1.403e-2
   1           3.711           1.429        1.403e-2
   1           2.100        7.154e-1        1.403e-2
   1           1.879        9.587e-2        1.403e-2
   1           1.996        3.132e-1        1.403e-2
   1           2.050        5.674e-2        1.403e-2
   1           1.272        8.796e-2        1.403e-2
   1           1.459        1.213e-1        1.403e-2
   1           2.388        4.497e-1        1.403e-2
   1           2.718        2.908e-1        1.403e-2
   1        7.975e-1        4.122e-2        1.403e-2
   1           2.096           8.735        1.403e-2
   1           4.119           2.562        1.403e-2
   1           1.419        2.093e-1        1.403e-2
   1           1.612           1.960        1.403e-2
   1           1.465           1.901        1.403e-2
   1           1.414        3.290e-1        1.403e-2
   1           3.540        1.065e-1        1.403e-2
   1        6.608e-1        3.873e-2        1.403e-2
   1           2.088        2.009e-1        1.403e-2
   1           3.010        5.583e-1        1.403e-2
   1           1.683           2.241        1.403e-2
   1           3.051        5.229e-2        1.403e-2
   1           1.859        6.022e-2        1.403e-2
   1           1.675           1.824        1.403e-2
   1           1.946           3.741        1.403e-2
   1           1.756        9.440e-2        1.403e-2
   1           1.280        4.394e-2        1.403e-2
   1           1.496        2.194e-1        1.403e-2
   1           1.183        7.549e-1        1.403e-2
   1           3.674        1.578e-1        1.403e-2
   1           1.840        7.865e-2        1.403e-2
   1           3.332          11.905        1.403e-2
   1           1.229        3.566e-1        1.403e-2
   1           3.616        7.384e-1        1.403e-2
   1           2.577           1.816        1.403e-2
   1           2.125        3.815e-1        1.403e-2
   1           2.225           4.009        1.403e-2
   1           1.151        1.023e-1        1.403e-2
   1           1.059        8.113e-2        1.403e-2
   1           1.416        7.664e-2        1.403e-2
   1           2.448           3.994        1.403e-2
   1           1.355        1.304e-1        1.403e-2
   1           3.319        3.579e-1        1.403e-2
   1           1.038        4.914e-2        1.403e-2
   1        9.728e-1        2.989e-1        1.403e-2
   1        8.576e-1        4.315e-2        1.403e-2
   1           1.696        1.916e-1        1.403e-2
   1           2.468        1.466e-1        1.403e-2
   1           1.539        3.406e-1        1.403e-2
   1           2.649        8.810e-2        1.403e-2
   1           2.175        8.331e-1        1.403e-2
   1           1.683        7.957e-2        1.403e-2
   1           1.415        8.884e-2        1.403e-2
   1           2.319        6.368e-1        1.403e-2
   1        8.905e-1        1.976e-1        1.403e-2
   1        9.595e-1        9.386e-1        1.403e-2
   1           2.766        1.849e-1        1.403e-2
   1           2.256        8.838e-1        1.403e-2
   1           1.487        6.607e-2        1.403e-2
   1           2.316           2.060        1.403e-2
   1           1.320        2.377e-1        1.403e-2
   1           1.195        1.648e-1        1.403e-2
   1           1.557        4.284e-1        1.403e-2
   1           2.550           1.565        1.403e-2
   1           1.433           5.013        1.403e-2
   1           4.005        5.054e-1        1.403e-2
   1           1.891        1.934e-1        1.403e-2
   1        9.435e-1        6.880e-2        1.403e-2
   1           2.590        6.599e-1        1.403e-2
   1           2.111          15.093        1.403e-2
   1           2.991           1.226        1.403e-2
   1           2.688           2.110        1.403e-2
   1           1.150        1.666e-1        1.403e-2
   1        9.867e-1        8.788e-2        1.403e-2
   1           1.058        4.129e-2        1.403e-2
   1           1.491        2.540e-1        1.403e-2
   1           1.057           2.385        1.403e-2
   1           2.626           6.320        1.403e-2
   1           3.931        4.304e-1        1.403e-2
   1           1.588           1.492        1.403e-2
   1           1.966        1.585e-1        1.403e-2
   1           1.528        1.899e-1        1.403e-2
   1           3.358        7.266e-1        1.403e-2
   1           2.584           1.652        1.403e-2
   1           1.109        4.700e-1        1.403e-2
   1           3.498        6.013e-1        1.403e-2
   1           4.622           4.271        1.403e-2
   1           1.192        5.746e-2        1.403e-2
   1           2.304           3.007        1.403e-2
   1           2.712           2.061        1.403e-2
   1           3.495           2.395        1.403e-2
   1           1.045        3.873e-2        1.403e-2
   1           2.414           2.124        1.403e-2
   1           1.072        1.554e-1        1.403e-2
   1           1.982        2.538e-1        1.403e-2
   1           2.939        8.262e-1        1.403e-2
   1           1.816        1.238e-1        1.403e-2
   1           2.557        6.837e-1        1.403e-2
   1        8.574e-1        1.454e-1        1.403e-2
   1           1.995        3.895e-1        1.403e-2
   1           2.092        6.262e-2        1.403e-2
   1           1.395        3.327e-1        1.403e-2
   1           3.619           4.214        1.403e-2
   1           2.726           1.702        1.403e-2
   1           1.337        1.370e-1        1.403e-2
   1           1.354        2.891e-1        1.403e-2
   1           1.861        1.289e-1        1.403e-2
   1           1.571        1.768e-1        1.403e-2
   1           1.959        7.699e-1        1.403e-2
   1           2.230        2.806e-1        1.403e-2
   1        9.980e-1        4.194e-2        1.403e-2
   1           1.670           1.810        1.403e-2
   1           1.507        6.648e-2        1.403e-2
   1           1.826        6.931e-1        1.403e-2
   1           1.582        3.164e-1        1.403e-2
   1           1.743        7.396e-2        1.403e-2
   1           2.284        1.139e-1        1.403e-2
   1           1.372        7.533e-2        1.403e-2
   1           1.212        7.613e-2        1.403e-2
   1           1.728        1.470e-1        1.403e-2
   1           1.493        5.135e-1        1.403e-2
   1           1.884           5.369        1.403e-2
   1           2.187        2.260e-1        1.403e-2
   1           2.014        2.009e-1        1.403e-2
   1           2.047        5.631e-1        1.403e-2
   1           1.328           5.229        1.403e-2
   1           1.683        1.303e-1        1.403e-2
   1           1.786        4.692e-2        1.403e-2
   1           2.279           1.031        1.403e-2
   1           3.199           3.496        1.403e-2
   1           2.307           1.066        1.403e-2
   1           1.855           1.528        1.403e-2
   1           1.085        4.451e-2        1.403e-2
   1           1.303        2.242e-1        1.403e-2
   1           2.567           1.041        1.403e-2
   1        8.980e-1        8.254e-2        1.403e-2
   1           1.427        5.218e-2        1.403e-2
   1           1.469        9.956e-2        1.403e-2
   1           1.067           2.082        1.403e-2
   1           4.990           7.164        1.403e-2
   1           3.916        5.959e-1        1.403e-2
   1           1.376           2.385        1.403e-2
   1           1.968        6.150e-1        1.403e-2
   1           1.133        8.794e-1        1.403e-2
   1           2.903        9.899e-2        1.403e-2
   1           1.900        1.802e-1        1.403e-2
   1        7.875e-1        7.350e-2        1.403e-2
   1           1.118        1.108e-1        1.403e-2
   1        9.717e-1        1.648e-1        1.403e-2
   1           2.643        1.805e-1        1.403e-2
   1           1.685        6.976e-1        1.403e-2
   1           2.495        9.272e-2        1.403e-2
