scenario      Ne              t             Na           µmic_1        pmic_1        snimic_1    
   1           3212          18829           3979       2.507e-4       2.680e-1       7.111e-6
   1           5582          12991           8773       2.079e-4       2.004e-1       5.198e-6
   1           4129           5896           1774       5.354e-4       2.622e-1       1.510e-8
   1           3006          10481           2729       2.991e-4       2.878e-1       2.710e-8
   1           4218          12507          10661       3.377e-4       2.650e-1       8.464e-6
   1           3305          13950          11384       5.832e-4       2.836e-1       3.148e-8
   1           3570          13640          15710       8.625e-4       2.619e-1       1.701e-6
   1           3998           2381           8309       8.124e-4       1.063e-1       2.398e-7
   1           4700           9875           9837       4.512e-4       2.487e-1       8.257e-6
   1           4542          16821          12937       3.151e-4       2.715e-1       8.714e-6
   1           4608          15217          12553       4.345e-4       2.184e-1       1.841e-6
   1           2829          12405           8934       7.403e-4       2.872e-1       4.023e-6
   1           3492          15981           5218       5.179e-4       2.667e-1       8.642e-6
   1           5424          18896           3677       4.890e-4       2.661e-1       7.892e-6
   1           5554          18244           3676       3.140e-4       2.988e-1       1.776e-6
   1           3584          14405           9845       7.418e-4       2.424e-1       9.777e-6
   1           4303          14107          12781       2.710e-4       2.932e-1       1.038e-6
   1           3469           8412           3870       8.329e-4       2.038e-1       6.002e-6
   1           4129          16305            620       5.746e-4       2.843e-1       6.161e-7
   1           3290          16207          13309       8.740e-4       2.405e-1       1.000e-5
   1           4341           7824           4186       3.813e-4       2.979e-1       4.475e-8
   1           3879           7029           8007       7.810e-4       1.493e-1       5.852e-7
   1           4126          17558          11589       5.407e-4       2.576e-1       2.542e-6
   1           3050          17433           4605       5.567e-4       2.841e-1       6.738e-7
   1           2719          12179           5779       7.122e-4       2.655e-1       1.659e-7
   1           4878          10702          12267       4.942e-4       2.703e-1       1.158e-6
   1           4378          13946           3780       2.944e-4       1.595e-1       4.226e-7
   1           4547          15702           3304       6.570e-4       1.996e-1       9.841e-6
   1           4777          14621           7691       2.424e-4       2.574e-1       1.857e-6
   1           4685          14879           1024       8.539e-4       2.890e-1       9.128e-7
   1           4545          10209          13083       5.742e-4       2.874e-1       4.964e-8
   1           4159          13034           7796       6.874e-4       2.808e-1       5.465e-6
   1           3359          18710           3729       4.229e-4       2.389e-1       9.924e-6
   1           3577          20141          13641       4.518e-4       2.784e-1       1.905e-6
   1           4026           6068          10075       4.672e-4       2.464e-1       1.000e-5
   1           4169          10997           6553       4.780e-4       2.683e-1       1.958e-6
   1           4855           9708           9725       3.090e-4       2.981e-1       5.136e-6
   1           6696          11950           5435       1.792e-4       2.563e-1       9.242e-8
   1           3766           7525           7995       5.460e-4       1.982e-1       1.664e-6
   1           3873           3744           7860       7.273e-4       2.391e-1       1.153e-7
   1           6305           9373           8527       3.211e-4       2.806e-1       8.422e-6
   1           4682          11794           8388       3.320e-4       1.242e-1       3.212e-6
   1           3101           6883          10131       4.391e-4       2.969e-1       2.363e-6
   1           3667          14388           4366       6.436e-4       2.916e-1       5.078e-7
   1           2480          11217           8440       8.300e-4       1.874e-1       3.531e-6
   1           5091          14831          10733       3.885e-4       2.710e-1       6.856e-7
   1           5621          15939           1473       7.945e-4       2.674e-1       3.102e-7
   1           3316          19512           4905       8.091e-4       2.908e-1       3.908e-6
   1           3937          11302           4560       4.417e-4       2.968e-1       1.331e-8
   1           5779          16313          13580       3.279e-4       2.722e-1       2.972e-6
   1           4180          17433           4546       5.672e-4       2.910e-1       1.054e-6
   1           3132          15638           9723       4.289e-4       2.889e-1       2.944e-6
   1           4961          13054           6132       2.649e-4       2.591e-1       1.737e-6
   1           4623          12729          13028       4.998e-4       2.390e-1       6.927e-7
   1           4125            155           1385       7.283e-4       2.182e-1       1.000e-5
   1           3958          13477           9341       6.760e-4       2.838e-1       8.565e-6
   1           3549          11615           7330       2.558e-4       2.901e-1       9.385e-6
   1           3824          14324          11494       5.719e-4       1.689e-1       7.942e-6
   1           3104          16631           4706       3.937e-4       2.585e-1       5.458e-6
   1           4105           4888           8680       6.824e-4       2.851e-1       1.040e-6
   1           4372          16298           1682       5.138e-4       2.259e-1       1.609e-6
   1           3226          18414           6888       7.234e-4       2.491e-1       5.076e-6
   1           1380          15398            160       8.439e-4       2.995e-1       6.692e-7
   1           3208          12266          10204       5.566e-4       2.839e-1       1.961e-8
   1           4358          18611           5889       9.296e-4       2.998e-1       4.860e-7
   1           5160          11603           8162       3.941e-4       2.874e-1       2.475e-7
   1           5639           8897           4083       5.873e-4       2.805e-1       1.776e-7
   1           3716          18987           9053       3.462e-4       2.765e-1       4.920e-7
   1           3652           9669          12144       4.768e-4       1.865e-1       5.902e-6
   1           3242          18859           6347       5.484e-4       2.808e-1       3.998e-6
   1           4976           9646           3288       2.535e-4       2.747e-1       3.172e-6
   1           4818          15503           9796       5.341e-4       3.000e-1       4.616e-6
   1           4989           7283          10613       5.480e-4       2.860e-1       6.319e-7
   1           4418           7462           5862       3.748e-4       2.603e-1       1.327e-6
   1           3246           7335           9070       4.022e-4       2.888e-1       1.000e-5
   1           4669           7847           5857       3.165e-4       2.717e-1       1.000e-5
   1           3608          14002           8846       3.722e-4       1.516e-1       5.231e-8
   1           3460           9067          11063       6.419e-4       2.728e-1       2.036e-7
   1           5105          18601          10262       2.588e-4       2.727e-1       7.763e-8
   1           4923          18052          14329       3.890e-4       3.000e-1       1.941e-7
   1           4108          15141           6187       3.305e-4       2.961e-1       4.949e-6
   1           4707          16525          13943       5.384e-4       2.525e-1       5.346e-6
   1           3417           6845          15776       5.509e-4       2.261e-1       1.587e-6
   1           4104          15548          10019       8.993e-4       3.000e-1       6.356e-7
   1           3812          16140           6466       3.904e-4       2.980e-1       2.148e-6
   1           2543           9915           5173       9.024e-4       1.904e-1       4.085e-6
   1           3520           8420           6657       7.074e-4       2.897e-1       1.225e-6
   1           5863           5095           5847       4.840e-4       2.354e-1       6.576e-8
   1           3334           5089           5812       4.254e-4       2.482e-1       9.982e-7
   1           3520          12595           5269       3.726e-4       2.815e-1       8.387e-7
   1           4329          13711          13914       8.449e-4       2.805e-1       9.977e-6
   1           2159          10371            376       9.296e-4       2.739e-1       5.217e-6
   1           5640          22636          14373       3.788e-4       2.816e-1       4.879e-6
   1           3128          20299           7810       6.370e-4       2.741e-1       7.575e-6
   1           3839          18342          17678       3.585e-4       2.351e-1       3.897e-7
   1           5234           5910          12117       4.048e-4       2.940e-1       8.416e-7
   1           4048           7913          12907       2.657e-4       2.675e-1       5.108e-6
   1           3810          17295           8162       4.192e-4       2.390e-1       2.816e-6
   1           3883          14199           5315       5.223e-4       2.749e-1       2.725e-7
   1           4406          13632          10664       7.913e-4       2.991e-1       2.408e-6
   1           4215           9655           2069       5.516e-4       2.920e-1       1.321e-6
   1           2230          19372          13276       5.948e-4       3.000e-1       6.090e-8
   1           4051          14995           2495       4.421e-4       1.831e-1       2.252e-7
   1           4736          14749          19584       4.703e-4       3.000e-1       1.800e-7
   1           4027          16977           1716       4.629e-4       2.689e-1       6.010e-6
   1           5400          17374           5466       4.124e-4       2.884e-1       1.308e-6
   1           3484           9735          10880       4.651e-4       3.000e-1       8.851e-6
   1           3410          11744         32.194       2.741e-4       2.781e-1       1.563e-7
   1           4109          12997          15916       4.236e-4       2.606e-1       2.505e-7
   1           3630           4767           1205       7.127e-4       2.808e-1       6.092e-8
   1           4353           9394           5366       1.625e-4       3.000e-1       8.214e-6
   1           6072          16293           1269       1.316e-4       2.928e-1       9.047e-6
   1           2271          17027           7113       9.308e-4       2.283e-1       9.021e-6
   1           3254          18527           8078       5.947e-4       2.720e-1       3.764e-6
   1           3887           7862           2725       6.350e-4       1.818e-1       9.169e-6
   1           4726           8393           7225       5.385e-4       2.610e-1       8.792e-8
   1           4652          11004          14515       2.590e-4       2.630e-1       1.000e-5
   1           4735          13126            760       5.760e-4       2.561e-1       4.612e-6
   1           3587           4155           8145       6.948e-4       2.800e-1       1.724e-6
   1           4813          18231           4301       1.816e-4       2.719e-1       1.688e-7
   1           3661           7910           6067       4.679e-4       2.847e-1       1.812e-7
   1           3848          11476          10769       8.775e-4       1.521e-1       1.406e-7
   1           3361           3704           1585       6.788e-4       1.249e-1       3.991e-6
   1           4658          10956           5003       6.712e-4       2.205e-1       4.480e-6
   1           3598          13121           6044       6.664e-4       2.717e-1       9.663e-6
   1           4993          16347           2133       6.971e-4       2.381e-1       6.041e-6
   1           4422          14784           7981       3.440e-4       2.873e-1       5.629e-6
   1           4309           7775           4434       3.687e-4       2.844e-1       1.000e-5
   1           1510           9306          12741       8.764e-4       2.621e-1       3.701e-7
   1           3350          10011          10532       4.187e-4       2.412e-1       3.390e-6
   1           4045          17023          13091       5.034e-4       3.000e-1       2.729e-6
   1           5047          14448          10170       5.899e-4       2.840e-1       9.432e-8
   1           4159          17344           2661       2.519e-4       2.780e-1       9.410e-6
   1           4462           9176          18929       4.570e-4       3.000e-1       2.333e-6
   1           3938           8005           2554       8.376e-4       2.793e-1       3.724e-7
   1           4782           6679           6537       2.414e-4       2.716e-1       4.185e-7
   1           4158          15469           3439       3.085e-4       2.985e-1       5.659e-6
   1           3095           5853           4175       2.482e-4       2.990e-1       1.000e-5
   1           4354          19659            765       3.052e-4       2.800e-1       3.008e-8
   1           4121           6182          11345       6.124e-4       2.987e-1       6.346e-6
   1           3158          15015           4500       3.297e-4       2.412e-1       9.061e-7
   1           3515          17689          13752       3.122e-4       2.411e-1       9.411e-6
   1           5260          10066          14473       3.641e-4       2.323e-1       8.020e-6
   1           4095          17544          10468       8.329e-4       2.416e-1       3.087e-6
   1           3938          16316           9841       8.318e-4       1.839e-1       9.016e-6
   1           6593          11867           7615       7.918e-4       2.223e-1       4.103e-6
   1           4757          14873           8896       8.446e-4       2.642e-1       1.029e-6
   1           3724          13938            367       5.204e-4       2.975e-1       4.478e-8
   1           3813          14379          11106       9.536e-4       2.986e-1       1.408e-6
   1           5326          13265          18270       6.509e-4       2.750e-1       3.000e-6
   1           6184          14997           1898       3.321e-4       2.947e-1       4.418e-6
   1           3602          18785           2629       5.957e-4       3.000e-1       7.010e-6
   1           4368          16242           7854       4.675e-4       2.925e-1       2.152e-8
   1           3716          15296           3759       4.260e-4       2.854e-1       2.574e-6
   1           2440          17625           4394       8.794e-4       2.607e-1       4.801e-7
   1           4840          17116          12602       4.092e-4       1.233e-1       1.102e-7
   1           4568          11724           1767       5.235e-4       2.518e-1       3.893e-8
   1           4201           1924           8475       3.026e-4       3.000e-1       4.494e-6
   1           4534          10494          11730       3.526e-4       2.323e-1       4.237e-7
   1           1810          16984          18331       8.717e-4       2.783e-1         100e-6
   1           4360          18890           5872       6.758e-4       2.975e-1       7.907e-6
   1           2926          12738           5450       4.645e-4       2.901e-1       7.436e-7
   1           6423          14149           7427       5.836e-4       1.786e-1       8.269e-6
   1           3546          11522         85.250       8.611e-4       2.963e-1       3.562e-6
   1           4448          12203           1898       4.279e-4       2.298e-1       3.195e-6
   1           5384          17437           3639       1.780e-4       2.102e-1       3.349e-7
   1           4691          10540          13349       2.712e-4       2.476e-1       1.951e-7
   1           4538           8914          10687       4.057e-4       2.543e-1       1.133e-6
   1           3819          11596          12666       3.659e-4       1.964e-1       3.031e-6
   1           4336          13641           5968       4.712e-4       2.609e-1       9.536e-6
   1           4510          11907           8055       5.810e-4       1.705e-1       1.839e-7
   1           3556          12887           3799       2.701e-4       2.890e-1       3.061e-6
   1           6311          12884          15965       2.695e-4       2.129e-1       7.164e-8
   1           3773          16836           7419       4.301e-4       2.950e-1       2.652e-6
   1           4442           7888          17253       4.860e-4       2.597e-1       1.195e-6
   1           4258           8691           5938       4.278e-4       2.567e-1       3.302e-7
   1           2861           9884           9689       3.294e-4       2.957e-1       4.081e-6
   1           3588           9439           4688       2.873e-4       2.496e-1       4.987e-8
   1           2817          11546           6400       6.669e-4       2.255e-1       5.527e-6
   1           5002          15138           3517       3.215e-4       2.561e-1       7.731e-6
   1           3935          12591          12317       6.027e-4       2.681e-1       8.934e-7
   1           4361          15051           7641       5.523e-4       2.486e-1       1.145e-7
   1           3934          15265          11708       5.144e-4       1.397e-1       1.192e-7
   1           3764           9615           3296       3.644e-4       2.776e-1       5.152e-6
   1           2008          14993           8603       7.812e-4       2.696e-1       1.000e-5
   1           5024          16386           2340       2.743e-4       2.796e-1       6.471e-8
   1           3543           6150          11036       6.003e-4       2.433e-1       1.000e-5
   1           5554          20585          10089       2.154e-4       2.600e-1       9.679e-6
   1           4702          12273           6029       5.291e-4       2.951e-1       2.976e-6
   1           3301          12420           6597       5.458e-4       2.576e-1       5.333e-8
   1           3035          10474          10874       9.244e-4       2.146e-1       9.732e-8
   1           5704           7502           7904       7.839e-4       2.795e-1       6.423e-7
   1           2157          16745           7510       4.881e-4       2.778e-1       8.306e-6
   1           5585           9189           7857       1.681e-4       2.473e-1       6.400e-6
   1           5279          10808           4934       9.149e-4       2.954e-1       6.134e-6
   1           5101          17482           9462       1.770e-4       2.370e-1       2.063e-7
   1           3066          17414          11315       7.476e-4       2.567e-1       2.266e-6
   1           3647           8860           9209       3.694e-4       2.642e-1       1.587e-6
   1           4831          17359          10133       1.732e-4       2.025e-1       9.109e-6
   1           3100          14637           7868       2.733e-4       2.473e-1       9.683e-6
   1           6856           9629           4178       3.696e-4       1.698e-1       1.336e-7
   1           5258           7880           4074       3.386e-4       2.821e-1       1.974e-8
   1           4649           5091           2505       3.173e-4       3.000e-1       5.347e-7
   1           5327          12081           8067       5.978e-4       2.731e-1       1.345e-6
   1           4261          10790           6392       2.032e-4       2.402e-1       2.003e-7
   1           5628          10127           6113       2.911e-4       2.844e-1       6.822e-7
   1           5066          12818           4203       6.371e-4       2.677e-1       7.043e-7
   1           3880          13530           5860       3.341e-4       2.631e-1       1.997e-6
   1           6070          13184           7450       1.811e-4       2.499e-1       2.355e-6
   1           3332           4898           7068       3.292e-4       2.569e-1       6.305e-6
   1           3981          13606           5254       7.701e-4       2.722e-1       4.528e-6
   1           3847           8738            983       8.670e-4       2.730e-1       1.505e-6
   1           5801          13423          12493       3.020e-4       2.881e-1       9.092e-8
   1           4398           6682           5328       3.554e-4       2.742e-1       3.485e-7
   1           3478          14622           4926       8.719e-4       2.911e-1       1.721e-6
   1           4524          14445           4231       8.715e-4       2.833e-1       4.909e-8
   1           4266           5436           2611       3.449e-4       2.358e-1       6.876e-6
   1           2925          17544           5920       5.460e-4       2.836e-1       9.967e-6
   1           4442          10437           1765       3.855e-4       2.245e-1       3.380e-6
   1           2857          10201           9748       7.363e-4       2.040e-1       1.723e-6
   1           4479          13597           9788       8.021e-4       2.445e-1       3.547e-8
   1           3168          15814           6759       4.301e-4       2.955e-1       5.864e-6
   1           3916          12524           9818       6.521e-4       2.370e-1       5.118e-7
   1           4017           9714           6306       4.256e-4       2.496e-1       4.589e-8
   1           5511          14074           1024       2.433e-4       2.906e-1       3.586e-7
   1           3846           8976           5090       3.924e-4       3.000e-1       4.555e-6
   1           4162          12419           6552       5.876e-4       3.000e-1       5.498e-8
   1           4812          12854           8749       3.968e-4       2.794e-1       5.374e-6
   1           2804          13930           4975       9.321e-4       3.000e-1       8.230e-6
   1           5664           7465          11981       1.676e-4       2.108e-1       1.121e-6
   1           4607          13056           4290       2.539e-4       2.429e-1       6.052e-7
   1           4148          10429           3150       4.172e-4       3.000e-1       7.384e-6
   1           3869          14056           6144       7.117e-4       2.783e-1       1.543e-6
   1           4053          16777           5598       3.638e-4       2.393e-1       1.535e-6
   1           4701          10511           6615       4.140e-4       2.543e-1       6.098e-7
   1           4761          11360          10181       6.452e-4       2.861e-1       1.323e-8
   1           2858           7908           4998       2.650e-4       3.000e-1       1.000e-5
   1           2823          11234          10462       5.985e-4       2.454e-1       2.276e-6
   1           2945          11736           6011       7.215e-4       2.568e-1       6.507e-7
   1           4154          18171           3879       8.018e-4       2.568e-1       2.044e-7
   1           4460          10714           9848       6.163e-4       1.233e-1       7.462e-8
   1           4640          15126           6722       3.728e-4       1.752e-1       4.415e-8
   1           3377           9344          11595       3.219e-4       2.559e-1       1.315e-8
   1           3157          12327           6324       5.134e-4       2.867e-1       3.066e-6
   1           3689           8334           3939       8.504e-4       2.666e-1       1.429e-7
   1           3174          15223           3457       4.347e-4       2.009e-1       3.578e-6
   1           3791           6562           2290       4.607e-4       2.511e-1       3.777e-6
   1           3775          15578           3269       2.563e-4       2.902e-1       7.685e-8
   1           2364          12353          10976       8.702e-4       2.992e-1       3.410e-7
   1           4566          11473           6527       3.668e-4       3.000e-1       8.797e-6
   1           4045          11709          11009       5.898e-4       3.000e-1       7.951e-6
   1           3506          13010           4358       7.658e-4       2.258e-1       3.052e-8
   1           3318          15014          11747       9.313e-4       1.993e-1       4.828e-6
   1           4687          14598           8780       2.973e-4       3.000e-1       3.018e-6
   1           4252          16190          15620       5.157e-4       2.792e-1       1.351e-7
   1           5684           9029          15214       3.626e-4       1.997e-1       1.159e-7
   1           2695           9226           3302       6.737e-4       2.936e-1       1.784e-6
   1           4659          14144           9250       3.831e-4       1.402e-1       2.532e-7
   1           3901          16862           7405       5.760e-4       2.863e-1       3.796e-6
   1           5111           7433          12815       4.902e-4       2.991e-1       3.366e-8
   1           3033          11683          12102       4.854e-4       2.938e-1       6.049e-8
   1           4947          11487           5895       7.218e-4       2.188e-1       4.706e-7
   1           4389           9473           5911       3.356e-4       2.296e-1       9.901e-6
   1           5522          14066           9281       2.613e-4       2.215e-1       2.602e-6
   1           4391           4585          10919       4.049e-4       1.204e-1       3.867e-8
   1           3563           8539           7749       2.191e-4       1.474e-1       9.674e-6
   1           2185          22816           2930       5.141e-4       2.984e-1       1.636e-6
   1           3904          18265           9331       7.218e-4       1.404e-1       6.706e-7
   1           3886            343           2439       8.598e-4       2.225e-1       6.750e-6
   1           3006          16123           9229       2.937e-4       2.822e-1       8.140e-6
   1           5906           8787           3523       1.953e-4       2.160e-1       2.347e-8
   1           2142          15501           7558       7.075e-4       2.373e-1       9.181e-6
   1           3763          18620          10960       7.693e-4       3.000e-1       9.490e-6
   1           4433          15245           7288       2.399e-4       2.752e-1       1.470e-6
   1           2229           7020          14751       6.105e-4       2.640e-1       3.571e-7
   1           5274           7200          10803       2.678e-4       2.749e-1       2.123e-7
   1           5954           8061          10836       3.062e-4       2.590e-1       6.495e-6
   1           5694          11950          11278       3.916e-4       1.494e-1       1.643e-7
   1           3678          12343           9319       8.186e-4       2.111e-1       4.689e-6
   1           3724          19219           1213       7.261e-4       2.182e-1       6.621e-7
   1           3300           7012           4804       5.476e-4       2.619e-1       5.954e-6
   1           3261           8242           2780       5.621e-4       2.996e-1       7.901e-7
   1           4270          11314           4796       4.254e-4       2.812e-1       1.828e-7
   1           2936          13247           9456       3.584e-4       1.425e-1       6.613e-6
   1           4327          10165           9743       2.875e-4       2.219e-1       1.000e-5
   1           5410          21328           4973       2.861e-4       2.534e-1       2.313e-7
   1           5423          17594           5601       3.408e-4       2.414e-1       2.271e-7
   1           4173          17096            537       5.187e-4       2.825e-1       5.533e-8
   1           4502          13587           8457       4.321e-4       2.927e-1       5.277e-6
   1           3607          13083          14526       6.953e-4       2.961e-1       5.830e-6
   1           4315          12094          10546       8.288e-4       1.358e-1       9.758e-6
   1           1871          15289           8050       8.542e-4       2.948e-1       4.277e-6
   1           2852           4246          12823       6.922e-4       2.696e-1       1.282e-7
   1           3846           3738           5678       2.133e-4       3.000e-1       7.644e-8
   1           3690          15042          14777       1.927e-4       2.699e-1       2.045e-7
   1           3907          12436           5858       4.467e-4       2.017e-1       3.558e-6
   1           4818          16450           7097       3.748e-4       2.937e-1       4.753e-6
   1           6178          15538           2800       1.705e-4       2.541e-1       1.300e-6
   1           4792          19037           9261       2.899e-4       2.504e-1       6.536e-6
   1           3139          12287           4244       6.355e-4       2.866e-1       1.888e-6
   1           2399          13784           6788       5.464e-4       2.987e-1       7.090e-6
   1           5303           6347           9766       2.306e-4       2.591e-1       2.867e-8
   1           4668           9631           8706       5.073e-4       2.426e-1       3.968e-6
   1           3246          17027          14090       4.923e-4       3.000e-1       4.732e-7
   1           3217          12004           2000       4.998e-4       2.586e-1       1.000e-5
   1           3769          14705          14204       2.636e-4       2.275e-1       7.535e-8
   1           3731          19819            644       5.503e-4       2.907e-1       2.715e-7
   1           5880           6680          11998       1.796e-4       2.122e-1       2.570e-6
   1           4875           6175           7676       3.830e-4       3.000e-1       1.632e-7
   1           3802           5848          10985       8.026e-4       1.235e-1       7.827e-6
   1           4175          11436           3978       1.692e-4       2.865e-1       3.100e-8
   1           5438          12842           2557       8.300e-4       2.550e-1       7.202e-6
   1           4553          13362           5230       4.283e-4       2.956e-1       5.709e-6
   1           3307          18913          19072       3.165e-4       2.564e-1       4.335e-6
   1           4012          16088          10499       8.856e-4       2.878e-1       2.665e-7
   1           3177          11066           2301       3.163e-4       2.813e-1       1.013e-7
   1           4151          15530           7959       4.901e-4       2.999e-1       3.997e-6
   1           4009           6314           7033       2.108e-4       2.645e-1       8.466e-7
   1           6033          11490           3624       1.877e-4       2.351e-1       4.302e-8
   1           4061           7523           4663       3.295e-4       2.586e-1       2.669e-6
   1           2235          10976            214       7.100e-4       2.604e-1       3.406e-7
   1           3176          15834           5886       5.633e-4       1.535e-1       4.149e-7
   1           3532           9108           7422       6.387e-4       2.810e-1       1.783e-7
   1           5456          15611           3347       3.437e-4       2.734e-1       3.632e-7
   1           5002          10203           7122       5.576e-4       2.593e-1       4.403e-6
   1           3189           8648           5706       3.762e-4       2.797e-1       2.386e-6
   1           3669          14394           9570       4.923e-4       2.805e-1       8.456e-6
   1           2673          16151          10888       5.562e-4       2.948e-1       9.599e-7
   1           2134          11544          12482       8.236e-4       2.940e-1       1.867e-6
   1           5713           9226           7315       2.312e-4       2.550e-1       1.666e-6
   1           3857          18767           4401       5.621e-4       2.887e-1       5.641e-6
   1           5727          11288           2152       6.660e-4       2.961e-1       3.190e-6
   1           3451            936           5807       8.686e-4       2.170e-1       6.878e-6
   1           4039          13043           8705       4.483e-4       2.473e-1       7.057e-6
   1           3672           8449           3537       4.511e-4       2.850e-1       1.473e-6
   1           5112          14054           8863       9.708e-4       2.770e-1       2.979e-7
   1           2842          11113           8470       7.194e-4       2.423e-1       2.489e-7
   1           3629          15635          10499       8.341e-4       1.402e-1       3.710e-7
   1           6177          14467           3165       1.720e-4       1.860e-1       2.258e-6
   1           4360           8329           8202       2.641e-4       1.700e-1       3.257e-7
   1           4643          17666           9235       1.272e-4       2.755e-1       8.863e-6
   1           2404           5641           4364       4.965e-4       3.000e-1       9.852e-6
   1           4843           6409          12640       4.270e-4       2.361e-1       6.731e-6
   1           5374          18077           6344       4.327e-4       2.748e-1       4.587e-7
   1           4640          12845           1831       3.424e-4       2.290e-1       5.906e-6
   1           3004          11217          13492       4.274e-4       2.742e-1       9.378e-6
   1           3196          15482            222       8.171e-4       2.861e-1       9.874e-7
   1           3044          12649           3490       8.995e-4       2.816e-1       5.872e-7
   1           4554          14871           1386       4.292e-4       2.887e-1       3.539e-7
   1           4199          16032           5348       8.191e-4       2.713e-1       4.510e-6
   1           4934          15113          11054       2.410e-4       2.996e-1       4.065e-7
   1           4590          14980           2290       8.457e-4       2.783e-1       7.724e-7
   1           5779          11803          10702       3.039e-4       2.696e-1       6.339e-6
   1           3754          10850           6214       5.169e-4       2.354e-1       2.038e-6
   1           5647          11473          11008       2.743e-4       2.880e-1       3.347e-8
   1           4989          17043          10702       4.538e-4       2.457e-1       8.553e-7
   1           3344          11734           5895       8.844e-4       2.961e-1       1.407e-6
   1           3840           7494           5659       8.324e-4       2.223e-1       1.531e-7
   1           3150           8327           5657       3.565e-4       2.977e-1       9.255e-7
   1           4241          12382          23297       3.464e-4       2.699e-1       8.782e-8
   1           4596          12685          12646       2.375e-4       3.000e-1       6.299e-6
   1           4733          15243            861       4.027e-4       2.855e-1       3.393e-6
   1           4739          14611           2757       5.126e-4       2.979e-1       7.348e-7
   1           2844          20275           9633       6.982e-4       3.000e-1       2.910e-7
   1           3015          12649           5139       3.490e-4       2.614e-1       1.141e-6
   1           4018          19257           8306       4.671e-4       3.000e-1       6.857e-6
   1           4561          13863           7305       6.225e-4       2.186e-1       6.117e-6
   1           3710          16386           5559       6.909e-4       2.977e-1       6.864e-8
   1           4808          10503          11391       5.866e-4       3.000e-1       6.051e-8
   1           3139           7643          13684       5.389e-4       2.196e-1       1.000e-5
   1           4890           9288           5245       7.286e-4       2.814e-1       9.575e-7
   1           3649          18843           9468       8.445e-4       2.789e-1       5.150e-6
   1           5267          15285           1421       4.278e-4       2.953e-1       6.460e-8
   1           4876          12855           6408       4.592e-4       2.997e-1       1.373e-6
   1           4440          13469           7522       4.497e-4       2.202e-1       8.242e-6
   1           3948           8347            353       4.347e-4       2.902e-1       9.442e-7
   1           4789          11296           6711       2.941e-4       2.814e-1       5.125e-7
   1           5057          18676           8766       5.170e-4       1.599e-1       4.172e-6
   1           3014          14114          16405       6.291e-4       2.324e-1       2.047e-7
   1           3721          12445            940       4.830e-4       2.926e-1       1.039e-7
   1           5133          16678           3898       3.054e-4       2.290e-1       9.189e-6
   1           2141           9587           8600       6.970e-4       1.946e-1       9.281e-6
   1           3560          12997          11809       8.689e-4       2.749e-1       1.719e-6
   1           3244           6869           1054       5.448e-4       2.503e-1       3.564e-7
   1           2697           6445           3364       8.509e-4       2.184e-1       1.999e-7
   1           3491          18014           6880       3.166e-4       2.800e-1       9.307e-6
   1           6571          14862           8716       1.426e-4       2.853e-1       9.746e-7
   1           2988          10104          13882       8.750e-4       2.991e-1       2.071e-6
   1           2189          12083           5731       2.563e-4       2.524e-1       3.121e-6
   1           5566          12105           6670       3.069e-4       2.983e-1       7.796e-6
   1           5629          10556           7652       4.530e-4       1.505e-1       8.807e-6
   1           3913          14762           9117       2.394e-4       2.613e-1       4.192e-6
   1           3389          17593           2588       5.674e-4       2.091e-1       5.482e-6
   1           5712           7299            971       1.491e-4       2.934e-1       5.239e-6
   1           5667          16633           1338       3.641e-4       2.954e-1       3.321e-6
   1           3793          17894            974       3.102e-4       2.747e-1       6.846e-6
   1           4321          16365           6130       2.840e-4       1.175e-1       9.197e-6
   1           4181           8070           9985       8.892e-4       2.361e-1       1.524e-6
   1           5050           7940          12015       3.158e-4       1.616e-1       6.104e-6
   1           3818          11576           5811       6.294e-4       2.547e-1       6.287e-6
   1           4823          16160           4919       2.706e-4       2.916e-1       1.384e-6
   1           3273          10707          15037       6.403e-4       2.591e-1       2.528e-6
   1           3710          12935           2205       4.619e-4       2.544e-1       1.314e-7
   1           5728          10234           3895       4.795e-4       2.230e-1       1.087e-7
   1           4270          13309           4619       2.733e-4       3.000e-1       3.229e-6
   1           4185          16677          11156       5.344e-4       1.486e-1       8.387e-7
   1           4685          10324           7622       3.979e-4       2.328e-1       4.167e-6
   1           2251          15137            960       7.719e-4       2.779e-1       3.730e-6
   1           5545          14532           1096       3.350e-4       2.907e-1       6.233e-8
   1           2705          13470          10830       6.926e-4       2.631e-1       4.992e-7
   1           1741           9677          10223       7.631e-4       2.284e-1       8.877e-6
   1           5815          17695            291       2.084e-4       2.912e-1       3.964e-6
   1           3444          11557           5883       3.734e-4       3.000e-1       5.025e-8
   1           4189          11943           4336       5.422e-4       3.000e-1       4.625e-6
   1           5352          12819          14078       4.772e-4       2.401e-1       1.614e-7
   1           3922          16610            579       7.674e-4       2.796e-1       2.132e-6
   1           4941          12159           9752       3.061e-4       2.196e-1       6.980e-7
   1           3869          12666          11005       4.389e-4       2.993e-1       3.349e-7
   1           4807          11564           7908       3.061e-4       2.321e-1       7.559e-7
   1           3067          19932           7511       5.552e-4       2.688e-1       1.181e-6
   1           2902          10773          16930       7.198e-4       2.869e-1       2.280e-6
   1           1503          14483            613       7.737e-4       2.711e-1       1.773e-6
   1           3373           7697           5007       3.997e-4       2.863e-1       8.133e-6
   1           4611          14002           9016       2.994e-4       2.528e-1       7.083e-7
   1           3887          10043           9354       8.661e-4       2.952e-1       5.082e-6
   1           5464          13737           1684       2.297e-4       2.909e-1       1.000e-5
   1           4432          13546           6745       2.913e-4       1.964e-1       8.488e-6
   1           5014           8462          15874       6.626e-4       1.140e-1       8.837e-6
   1           6488          21772           2186       3.633e-4       1.992e-1       1.336e-6
   1           6004           7505          13942       6.436e-4       2.603e-1       5.212e-6
   1           2099          14656           1167       9.276e-4       2.412e-1       2.596e-7
   1           3220          15378           7424       6.075e-4       2.890e-1       5.979e-6
   1           5340          19552           4824       3.034e-4       2.939e-1       9.825e-8
   1           4360          20025           4241       4.229e-4       3.000e-1       1.698e-7
   1           3217           6738           7735       7.693e-4       2.100e-1       2.715e-6
   1           4078          11323           7155       7.402e-4       2.742e-1       2.713e-6
   1           4220           9945           9175       4.334e-4       2.480e-1       5.472e-8
   1           3179           8915          17869       3.544e-4       2.814e-1       8.811e-7
   1           4274          15400           2867       5.907e-4       2.845e-1       3.623e-7
   1           3757           7757           2789       5.411e-4       3.000e-1       2.035e-6
   1           4386           9550          14175       2.171e-4       2.845e-1       9.809e-6
   1           4589          13196           5757       6.742e-4       1.849e-1       4.934e-7
   1           4372           7775           9208       4.693e-4       1.548e-1       1.469e-6
   1           2602           6345           3400       7.032e-4       2.978e-1       2.608e-7
   1           3067           8952          14152       6.237e-4       2.529e-1       7.777e-6
   1           4969          11877          12960       2.832e-4       2.983e-1       3.558e-6
   1           5893          13309           4373       1.462e-4       3.000e-1       1.000e-5
   1           4538          11509           8256       8.218e-4       2.823e-1       4.393e-6
   1           4749           4858           7525       3.324e-4       1.279e-1       5.545e-6
   1           5595           8067           8397       2.312e-4       2.952e-1       2.760e-7
   1           5089          13346           4914       2.353e-4       2.633e-1       1.064e-6
   1           3562          15686           6854       3.702e-4       2.560e-1       2.336e-7
   1           4642          16429           1306       4.421e-4       2.994e-1       2.724e-7
   1           5084           7568           5056       4.284e-4       2.905e-1       1.539e-7
   1           3781           9912           3533       8.596e-4       1.602e-1       6.628e-7
   1           3367          14378          13428       5.403e-4       2.189e-1       8.573e-7
   1           4058          11924          11408       7.251e-4       2.942e-1       3.820e-6
   1           2227          14718            687       3.812e-4       2.865e-1       9.238e-7
   1           2837           7301           9189       4.210e-4       1.875e-1       2.434e-6
   1           4643          17812          10911       4.158e-4       2.304e-1       1.018e-6
   1           3548           8175          18680       4.967e-4       2.473e-1       1.472e-6
   1           2848          16690          10285       6.942e-4       2.144e-1       1.853e-6
   1           3382          13069           5109       5.255e-4       2.927e-1       1.833e-6
   1           3339          19706            647       7.638e-4       3.000e-1       3.229e-6
   1           4179           8703           8179       2.512e-4       2.966e-1       1.040e-7
   1           6555           9761          11515       2.458e-4       2.627e-1       2.945e-6
   1           5038          16545           2495       1.729e-4       2.869e-1       4.783e-6
   1           5059          12366          10869       2.704e-4       1.298e-1       5.830e-6
   1           3396          18000           9258       2.357e-4       3.000e-1       4.149e-6
   1           4271           7901           9322       4.588e-4       1.500e-1       6.431e-6
   1           4191          15093           7254       3.406e-4       2.672e-1       8.421e-8
   1           5639           9690          12855       4.026e-4       2.895e-1       2.834e-6
   1           3667          18584           6116       3.363e-4       2.968e-1       3.867e-6
   1           4749          12803           3676       3.342e-4       1.567e-1       1.726e-6
   1           2391          16660           3698       4.198e-4       2.627e-1       2.287e-6
   1           5216          16392           9422       5.051e-4       1.684e-1       1.198e-6
   1           3922          17390          15964       4.510e-4       3.000e-1       9.668e-6
   1           4294          15353          14350       2.551e-4       2.270e-1       9.128e-6
   1           3746          12153           7162       2.964e-4       2.769e-1       2.120e-6
   1           2627          16490           2884       5.098e-4       2.674e-1       5.737e-6
   1           4186          10565           8196       7.883e-4       2.879e-1       4.865e-7
   1           4299          15722          11095       8.260e-4       2.439e-1       2.289e-7
   1           4797          15715           3163       6.219e-4       2.864e-1       7.048e-7
   1           3217          10033           1957       5.989e-4       2.879e-1       3.098e-6
   1           5663          14288           5533       2.036e-4       2.114e-1       2.566e-7
   1           4235           6782           3104       7.516e-4       3.000e-1       2.979e-7
   1           4334          16105          14079       3.499e-4       3.000e-1       6.497e-6
   1           4453          18608           7132       4.385e-4       2.624e-1       5.090e-7
   1           3010          16739            546       5.172e-4       2.991e-1       3.829e-6
   1           3665          13021         48.788       3.657e-4       2.425e-1       4.652e-7
   1           2345          13643          14341       8.609e-4       2.791e-1       6.499e-7
   1           3133           4825           8150       2.046e-4       2.024e-1       3.955e-6
   1           4036          15828          14092       5.393e-4       2.637e-1       5.603e-7
   1           4658          12050           1262       5.083e-4       1.944e-1       6.500e-7
   1           4302          15112          13428       7.223e-4       2.398e-1       2.104e-6
   1           5619           2501           2570       2.767e-4       2.787e-1       3.990e-6
   1           3219           7743           2140       4.218e-4       2.034e-1       6.072e-6
   1           3319          15449           8942       8.809e-4       2.520e-1       1.761e-6
   1           3413          18306           7099       3.633e-4       2.651e-1       4.917e-8
   1           4536          17749           7341       7.185e-4       2.975e-1       2.009e-7
   1           5536          16310           4965       3.075e-4       2.889e-1       2.523e-6
   1           3686          14206           2808       6.714e-4       2.049e-1       4.873e-6
   1           4857          20584           9021       4.793e-4       2.193e-1       9.356e-6
   1           3561          13398           5334       9.090e-4       2.459e-1       9.751e-6
   1           3659          16020           6671       4.832e-4       2.886e-1       2.375e-6
   1           4942           8643           8959       4.731e-4       2.064e-1       3.475e-7
   1           4346           7822           7895       4.920e-4       1.119e-1       1.000e-5
   1           2674           5570           8411       6.132e-4       1.397e-1       2.389e-7
   1           2841          12465          11426       7.994e-4       2.984e-1       1.966e-6
   1           2264          16716           1740       7.422e-4       2.962e-1       9.894e-6
   1           3735          14452          13560       4.056e-4       2.712e-1       1.060e-7
   1           3615          13595           8371       9.105e-4       2.051e-1       9.676e-6
   1           3348           7521           9520       3.157e-4       1.618e-1       1.031e-7
   1           3814          14945           6227       2.801e-4       3.000e-1       7.580e-6
   1           4621           9224           8132       3.180e-4       2.485e-1       1.000e-5
   1           3161          12304          10953       2.973e-4       2.598e-1       5.378e-8
   1           1914          12965           2747       5.258e-4       2.998e-1       6.206e-6
   1           4545           7778           5590       3.532e-4       2.133e-1       2.266e-6
   1           4014           5658          10370       3.347e-4       1.654e-1       8.960e-6
   1           3909          10017          10950       1.652e-4       2.269e-1       1.380e-6
   1           4216          16066           9919       3.614e-4       2.697e-1       9.638e-6
   1           3655          18681          14540       6.875e-4       2.610e-1       7.068e-7
   1           4026          12939           3987       4.434e-4       2.883e-1       4.813e-7
   1           5390          10087           6813       5.605e-4       1.626e-1       2.306e-6
   1           4753           9718           9089       3.025e-4       2.310e-1       8.831e-6
   1           3806          12172           6326       4.997e-4       2.885e-1       1.694e-6
   1           4992          10640          12556       3.651e-4       2.494e-1       2.163e-7
   1           5501          16067           5065       4.746e-4       2.802e-1       7.882e-7
   1           3128           6356           1605       5.622e-4       2.206e-1       2.608e-6
   1           6712          14185           1242       2.379e-4       2.268e-1       7.261e-6
   1           3402          10619          16432       2.783e-4       2.500e-1       1.912e-6
   1           6004          14663           7974       6.244e-4       2.760e-1       3.605e-6
   1           3915          10987           3779       8.836e-4       2.834e-1       6.877e-6
   1           4380          20246            939       3.114e-4       2.960e-1       2.851e-7
   1           7150          15730          10880       2.667e-4       1.532e-1       4.543e-7
   1           3984           7980           6302       2.738e-4       3.000e-1       6.212e-6
   1           4349          16007           8196       3.566e-4       2.486e-1       8.478e-6
   1           1610          21177           7196       9.513e-4       2.547e-1       3.199e-6
   1           4365          11781           5734       7.852e-4       2.790e-1       1.177e-6
   1           4054           6532           3123       4.000e-4       2.791e-1       1.606e-6
   1           3997          13432            145       6.317e-4       2.049e-1       7.954e-6
   1           3779          16124          12304       5.701e-4       2.827e-1       8.300e-6
   1           3312          16541          14833       4.321e-4       2.970e-1       2.587e-6
   1           3642           4333           6605       6.706e-4       1.714e-1       9.006e-6
   1           3797          14299          12326       6.311e-4       2.840e-1       2.672e-6
   1           4604          10463           2353       7.061e-4       1.374e-1       2.635e-6
   1           6796          17028           9264       1.309e-4       2.961e-1       1.565e-7
   1           5332          10341          12777       4.808e-4       2.595e-1       8.184e-6
   1           2070           9694          10823       8.338e-4       2.209e-1       8.684e-6
   1           2454          10208           7150       8.527e-4       3.000e-1       1.378e-6
   1           3160          17818           1242       2.366e-4       2.574e-1       4.577e-7
   1           4352          12664           7661       4.533e-4       2.135e-1       8.633e-7
   1           4337          14588           7715       4.337e-4       2.546e-1       3.691e-6
   1           3289          10337          20272       5.184e-4       2.317e-1       5.087e-7
   1           3878          11021           3932       3.996e-4       2.406e-1       6.611e-6
   1           4464          18798           3708       5.893e-4       2.816e-1       2.168e-6
   1           3385           7860           2740       4.782e-4       2.697e-1       2.077e-6
   1           4057          14922           5944       7.833e-4       2.921e-1       7.371e-6
   1           3560           3955           3250       8.032e-4       1.987e-1       1.116e-6
   1           3462          13075           5821       3.495e-4       2.452e-1       7.203e-6
   1           3202          17612           8546       5.203e-4       2.495e-1       1.505e-7
   1           3678          18841           6100       3.930e-4       2.290e-1       3.214e-7
   1           3574          16758           2094       6.844e-4       2.530e-1       9.250e-6
   1           4287          10350           7384       3.745e-4       2.360e-1       5.416e-7
   1           3699           7549           2471       6.283e-4       2.816e-1       8.261e-6
   1           6094           6672           9412       3.306e-4       3.000e-1       5.804e-7
   1           4985           7898           3722       7.187e-4       1.924e-1       4.748e-7
   1           5391          11827          10796       6.604e-4       1.981e-1       4.303e-6
   1           3671          15526           9293       7.593e-4       1.634e-1       2.049e-7
   1           3896          10734           7005       5.362e-4       1.964e-1       1.583e-6
   1           4279           9574           8135       1.987e-4       2.873e-1       9.624e-6
   1           5725          14011           2943       2.591e-4       2.071e-1       1.049e-6
   1           4645          18631           3226       5.902e-4       1.655e-1       8.054e-7
   1           3101          15435          12352       8.810e-4       2.369e-1       3.446e-7
   1           3228          15439          11914       7.006e-4       1.196e-1       2.441e-7
   1           4219          11260           2736       5.849e-4       2.802e-1       8.193e-8
   1           3267          13947           6288       4.321e-4       2.904e-1       1.738e-6
   1           4681          17757           4758       4.490e-4       2.800e-1       2.502e-7
   1           5810          13577           9163       2.357e-4       2.359e-1       2.145e-6
   1           3559          13309           7929       7.502e-4       1.863e-1       5.983e-6
   1           3127          11522          13952       8.486e-4       2.809e-1       5.569e-7
   1           3642          10612           3539       4.347e-4       2.842e-1       7.688e-6
   1           4796          14519          19080       2.396e-4       2.923e-1       1.719e-6
   1           5551          15833          13902       2.900e-4       2.741e-1       9.430e-6
   1           4843          15694          10477       4.894e-4       2.957e-1       3.584e-7
   1           4076          15235           9817       4.143e-4       2.167e-1       2.506e-6
   1           4525          11544           5117       2.010e-4       2.925e-1       6.952e-6
   1           4526          16155           4285       2.664e-4       2.968e-1       6.595e-6
   1           4333          17405          17181       5.085e-4       2.734e-1       1.515e-7
   1           3975          11797          10506       7.228e-4       2.519e-1       2.137e-8
   1           4695           9762           1625       6.064e-4       2.990e-1       7.570e-7
   1           3487          11026           2454       5.681e-4       2.515e-1       4.872e-6
   1           3931           9794           6628       4.850e-4       2.922e-1       3.833e-7
   1           3470          15430           3939       5.000e-4       2.481e-1       5.274e-6
   1           4472          15913           6036       9.049e-4       2.496e-1       1.694e-6
   1           2092          15556           5444       7.507e-4       2.884e-1       5.904e-6
   1           4770          11832          13170       6.983e-4       2.947e-1       1.405e-6
   1           4981          17384           3223       4.657e-4       2.499e-1       3.496e-7
   1           5010           9529           5824       9.683e-4       1.939e-1       6.280e-6
   1           5126          11513          11626       3.633e-4       2.343e-1       8.100e-6
   1           3587          17005           8608       4.600e-4       2.988e-1       7.422e-6
   1           2888          15472           9423       6.485e-4       2.759e-1       8.032e-6
   1           3403          10897           4963       4.706e-4       2.410e-1       1.301e-6
   1           4586          13652            937       4.754e-4       3.000e-1       7.061e-6
   1           3590          10137          22812       4.450e-4       2.569e-1       8.739e-8
   1           6113          15864          10234       3.491e-4       2.778e-1       3.611e-6
   1           4356           8693           1692       3.637e-4       2.763e-1       2.979e-7
   1           5375           3929          14315       2.325e-4       1.508e-1       3.327e-6
   1           3067           8852          14598       5.738e-4       1.873e-1       5.619e-6
   1           3726          15791         87.244       8.312e-4       2.944e-1       1.971e-7
   1           3346          11516           6086       3.089e-4       2.882e-1       1.014e-6
   1           3850          13746           4547       8.344e-4       3.000e-1       1.310e-6
   1           4574          10524          15026       2.518e-4       3.000e-1       9.673e-6
   1           4234           5495           1554       7.706e-4       2.129e-1       3.401e-7
   1           4015           5967           7600       4.804e-4       1.489e-1       5.423e-7
   1           4930          16916          10413       3.535e-4       2.910e-1       1.257e-6
   1           4390          15351          16268       5.282e-4       1.914e-1       1.681e-6
   1           5136          12981           8368       4.871e-4       3.000e-1       5.020e-7
   1           5012          21398           7661       3.531e-4       2.467e-1       6.562e-6
   1           5111          14115           5544       4.567e-4       2.229e-1       6.202e-6
   1           5252           7294           2119       7.579e-4       2.984e-1       1.063e-7
   1           4460           4752           8264       6.105e-4       2.013e-1       9.064e-7
   1           3245          14735          18381       3.451e-4       2.978e-1       8.077e-6
   1           3900          12714           9890       3.403e-4       2.986e-1       9.750e-6
   1           5059          10888           5943       2.205e-4       2.962e-1       4.910e-7
   1           4279          12157           1580       4.471e-4       2.875e-1       9.362e-6
   1           3699          14454           5483       5.148e-4       2.713e-1       1.491e-6
   1           3572          14286           6189       2.029e-4       2.789e-1       4.334e-7
   1           4376          14213           5446       3.853e-4       2.858e-1       5.728e-6
   1           4370           6478          13777       2.678e-4       1.860e-1       7.962e-6
   1           5848          12067           6083       8.948e-4       2.672e-1       5.278e-7
   1           4076          12520           6488       3.402e-4       2.475e-1       2.240e-6
   1           2861           6789           8560       5.876e-4       2.384e-1       7.276e-6
   1           5008          13324           9443       5.044e-4       2.517e-1       5.649e-7
   1           4372          19602            422       3.578e-4       2.742e-1       1.833e-6
   1           3193          16334          17493       7.386e-4       2.968e-1       2.901e-6
   1           4326          12874            587       2.747e-4       2.858e-1       5.801e-8
   1           3629           5448           5145       3.987e-4       2.582e-1       1.552e-7
   1           3869          13295          15147       6.388e-4       1.288e-1       2.306e-6
   1           5371           8748           7754       3.984e-4       2.502e-1       1.684e-8
   1           3507           5824           2084       8.437e-4       2.743e-1       8.392e-7
   1           5375           6767           2886       6.264e-4       2.956e-1       2.581e-6
   1           2865          10470           6745       3.474e-4       2.847e-1       9.844e-6
   1           5409          10178           6410       2.137e-4       1.675e-1       3.038e-7
   1           4566          16279          11427       4.789e-4       1.836e-1       4.896e-6
   1           5594          13702           2491       4.040e-4       3.000e-1       8.148e-6
   1           5195          19763           2926       1.575e-4       2.899e-1       5.986e-6
   1           2493          11015           7042       8.045e-4       2.602e-1       8.317e-6
   1           4871          11251           3372       3.329e-4       2.688e-1       7.292e-6
   1           3644           9663          11387       4.386e-4       2.637e-1       6.867e-7
   1           5077          13181          10854       2.622e-4       2.371e-1       1.000e-5
   1           4943          18425           7748       7.009e-4       2.849e-1       1.561e-6
   1           4763           9129           2780       3.173e-4       1.631e-1       7.268e-6
   1           2583          12922           9126       4.345e-4       3.000e-1       8.908e-6
   1           4584          14754           9328       2.133e-4       3.000e-1       5.343e-6
   1           3649          12446           2597       5.902e-4       2.869e-1       9.596e-6
   1           6198          11660           2803       2.420e-4       2.928e-1       1.642e-6
   1           3981          13127           7911       8.329e-4       2.865e-1       6.154e-6
   1           3114          12284           4474       5.304e-4       2.971e-1       5.181e-6
   1           4238          13537           5764       4.906e-4       2.728e-1       2.031e-6
   1           4559          19689           5371       3.531e-4       2.710e-1       7.419e-7
   1           2266           8018          10805       6.797e-4       3.000e-1       1.000e-5
   1           3168          17466          14214       4.072e-4       2.496e-1       3.755e-6
   1           3878          13552           7046       4.476e-4       2.871e-1       3.612e-6
   1           4394          18928           3683       4.892e-4       2.982e-1       7.971e-6
   1           4448          13480           4878       6.036e-4       2.459e-1       1.169e-6
   1           3544          10125            510       2.790e-4       2.873e-1       5.016e-8
   1           4549          10640           7333       9.380e-4       2.956e-1       1.199e-6
   1           3980           8471          18995       7.372e-4       2.730e-1       2.530e-6
   1           4532          11425           8038       2.431e-4       2.551e-1       3.901e-7
   1           2664           9867           4041       5.899e-4       2.457e-1       6.675e-6
   1           3163          11771            578       5.059e-4       1.887e-1       4.603e-6
   1           5322           8331           1515       2.007e-4       2.950e-1       2.551e-6
   1           1820          18545           3814       4.493e-4       2.888e-1       1.549e-6
   1           5246           8468          11613       3.036e-4       2.984e-1       5.745e-6
   1           4231          10358           7849       2.936e-4       2.701e-1       2.416e-6
   1           5036           5665           5278       6.670e-4       2.887e-1       5.078e-7
   1           4163          20432           3430       3.885e-4       2.394e-1       2.403e-6
   1           4423           4838          11747       5.074e-4       2.849e-1       1.075e-6
   1           3561          12258           5546       6.567e-4       2.978e-1       7.721e-7
   1           5578           9272           4447       2.966e-4       2.114e-1       3.806e-6
   1           4167          16567           7555       7.307e-4       2.760e-1       3.255e-6
   1           4023          11373           7864       2.148e-4       2.353e-1       8.466e-6
   1           4869          13467          15185       5.010e-4       2.969e-1       6.396e-6
   1           3963          16134           3099       6.790e-4       2.881e-1       9.155e-7
   1           3218           3579          11158       6.579e-4       2.748e-1       3.206e-6
   1           4657          19064          11185       9.176e-4       2.606e-1       1.717e-6
   1           4479          15256           9422       7.104e-4       2.775e-1       1.305e-6
   1           5285           4887          12243       2.189e-4       2.691e-1       4.933e-7
   1           3215          12186           5150       6.996e-4       2.697e-1       6.215e-6
   1           5582          17130           4057       3.837e-4       2.845e-1       2.392e-6
   1           6607          12068          11651       3.203e-4       2.939e-1       4.535e-6
   1           4298          10578           4006       5.536e-4       2.443e-1       2.928e-6
   1           4244           1264           9887       2.923e-4       2.895e-1       1.337e-7
   1           3387          14686          19992       6.838e-4       2.921e-1       3.219e-6
   1           4598          10618           4334       6.898e-4       3.000e-1       9.219e-6
   1           5115          15443           3072       2.687e-4       2.617e-1       1.970e-6
   1           4081          10102           1433       8.499e-4       2.770e-1       5.381e-8
   1           4720          14133           4937       2.224e-4       2.482e-1       5.014e-6
   1           4169          12399           9678       3.459e-4       2.515e-1       1.647e-7
   1           4472           5428          13519       3.720e-4       2.667e-1       7.294e-6
   1           4245          15725           3572       5.102e-4       2.284e-1       2.475e-6
   1           5239          13434           2628       3.076e-4       3.000e-1       8.468e-6
   1           5277          13754            603       4.825e-4       1.936e-1       7.066e-7
   1           3496           7984           5065       5.479e-4       2.608e-1       4.321e-6
   1           2959          12304           9248       7.070e-4       2.993e-1       5.345e-7
   1           3003          10617          10247       7.148e-4       2.958e-1       3.984e-8
   1           4298           6945          21172       6.288e-4       1.874e-1       4.416e-6
   1           4213          18800            256       3.458e-4       2.980e-1       3.644e-7
   1           5137          10206           1664       1.678e-4       2.979e-1       1.827e-6
   1           4380          18323          21785       4.507e-4       3.000e-1       9.700e-6
   1           3425          11207           4560       3.054e-4       2.883e-1       5.790e-7
   1           3211          12927           4153       6.019e-4       3.000e-1       1.127e-6
   1           1728           8034           7196       7.663e-4       2.759e-1       4.216e-8
   1           4516          15696           4447       2.841e-4       3.000e-1       2.862e-6
   1           1799          14085          13369       7.061e-4       3.000e-1       1.558e-6
   1           5503          11214          13489       2.049e-4       2.794e-1       3.109e-7
   1           2678           8467          14869       8.889e-4       2.242e-1       5.712e-6
   1           4664          13247           7196       5.858e-4       2.886e-1       6.585e-8
   1           4637          11296           8058       7.295e-4       2.364e-1       4.951e-6
   1           4392          17772           2397       3.171e-4       2.334e-1       4.510e-6
   1           3812          15652           6953       8.476e-4       2.623e-1       4.922e-6
   1           3232          18142         57.448       2.441e-4       2.862e-1       5.842e-6
   1           2802          16394           8697       3.869e-4       2.994e-1       9.883e-6
   1           3404           2725           1613       8.121e-4       2.889e-1       3.612e-6
   1           5250          13728            300       8.006e-4       1.998e-1       2.507e-6
   1           3461          16248          13557       8.567e-4       2.752e-1       2.085e-7
   1           3431          15622          12900       6.201e-4       3.000e-1       9.566e-6
   1           4206          11334           6811       2.910e-4       2.472e-1       6.222e-6
   1           3727          12325           7817       4.031e-4       1.730e-1       8.668e-7
   1           3496          10803           5259       5.505e-4       1.515e-1       9.843e-7
   1           3315          14008          10454       5.067e-4       2.817e-1       8.595e-6
   1           3398          11846          17701       6.762e-4       2.677e-1       8.250e-6
   1           2510           8537          13446       8.370e-4       2.800e-1       8.513e-6
   1           4046          10547          14001       7.941e-4       1.390e-1       3.480e-6
   1           3606           5864           3779       6.774e-4       2.683e-1       9.304e-6
   1           4455          14025           2688       3.726e-4       2.857e-1       3.983e-6
   1           4170          16235          14133       3.599e-4       2.733e-1       4.430e-8
   1           3131          13269           3760       5.425e-4       2.722e-1       4.784e-6
   1           4393          18544           2135       3.288e-4       2.538e-1       2.414e-7
   1           4329          16891           4414       3.843e-4       1.848e-1       5.050e-6
   1           3739          16485           9936       9.233e-4       2.682e-1       4.122e-6
   1           4525          13905           7918       3.276e-4       2.978e-1       9.584e-6
   1           4622          13637           2362       6.639e-4       1.597e-1       2.828e-6
   1           4362          10864           1690       3.960e-4       3.000e-1       6.035e-6
   1           3056           8744           6828       8.695e-4       3.000e-1       3.393e-7
   1           4246          13315           7577       4.829e-4       3.000e-1       8.330e-8
   1           5934           3182          11979       1.795e-4       1.608e-1       6.854e-6
   1           4969          14889           3525       4.938e-4       2.841e-1       5.082e-7
   1           4257          13156          13795       3.577e-4       3.000e-1       6.010e-6
   1           2969          12626           5396       7.255e-4       2.810e-1       1.418e-6
   1           5511          12933           6620       2.415e-4       1.367e-1       6.071e-6
   1           5893          14878           8488       3.925e-4       2.436e-1       2.043e-7
   1           5043          10072           5454       6.340e-4       1.916e-1       7.937e-6
   1           3497          13059           7144       6.482e-4       2.738e-1       3.343e-6
   1           4564          12221           6036       3.326e-4       2.872e-1       9.486e-6
   1           4104          13316          16097       2.964e-4       2.620e-1       7.540e-6
   1           2472          15583           6424       5.463e-4       2.928e-1       8.293e-6
   1           4289           5401           2790       6.798e-4       2.837e-1       5.756e-7
   1           4177          13830           7170       8.368e-4       1.074e-1       1.240e-7
   1           3859          14678           5704       3.477e-4       2.690e-1       4.804e-6
   1           2609          13739          15053       4.064e-4       2.828e-1       9.002e-6
   1           2741          14903           4211       7.924e-4       1.158e-1       2.552e-8
   1           4533          15626           5763       4.996e-4       1.763e-1       8.013e-6
   1           6558           8604           6702       4.493e-4       2.055e-1       3.284e-8
   1           4884           9137           8079       2.366e-4       2.832e-1       3.899e-7
   1           4978           8960           7951       4.247e-4       1.954e-1       1.594e-7
   1           3626          14682           2861       4.566e-4       2.984e-1       2.204e-6
   1           3595          14143          12845       4.643e-4       2.293e-1       2.247e-6
   1           3773          11602           6378       3.065e-4       2.376e-1       4.235e-7
   1           6156           6368           2762       2.856e-4       2.400e-1       3.789e-7
   1           2708           9103          10284       5.777e-4       2.837e-1       5.314e-6
   1           4041           8129           8587       1.386e-4       2.133e-1       2.526e-7
   1           5363          16221          11156       2.733e-4       3.000e-1       2.182e-7
   1           4419          13003           8209       7.736e-4       1.655e-1       1.697e-6
   1           4045          16566           9654       3.498e-4       3.000e-1       8.739e-6
   1           5215          18188          11279       4.477e-4       2.774e-1       8.649e-6
   1           3808          14949           1773       6.973e-4       3.000e-1       2.494e-6
   1           3787          13012          11016       5.642e-4       2.376e-1       9.066e-6
   1           1933           5353           6132       9.266e-4       2.451e-1       1.000e-5
   1           4289           9947          18739       7.885e-4       2.217e-1       8.490e-6
   1           2275          13694           4273       5.212e-4       2.978e-1       5.811e-8
   1           2502           6666           5286       7.202e-4       1.998e-1       3.651e-6
   1           3216          21858           8204       5.146e-4       3.000e-1       6.108e-8
   1           5586          10920          19951       4.128e-4       2.666e-1       3.086e-7
   1           4700          11163            906       4.532e-4       2.629e-1       4.124e-6
   1           5722          15187          15095       1.860e-4       2.828e-1       8.730e-7
   1           5392          12427          11611       4.097e-4       3.000e-1       1.927e-6
   1           4973           7015           9757       7.549e-4       2.600e-1       2.425e-7
   1           4038          16728           5562       3.517e-4       2.378e-1       5.630e-7
   1           4545          11091          21450       8.359e-4       2.190e-1       1.437e-6
   1           4006           6438           6966       7.104e-4       2.039e-1       3.726e-8
   1           6382          15233           9537       5.832e-4       1.333e-1       4.172e-6
   1           3667          14962          15425       3.851e-4       2.707e-1       1.240e-7
   1           4713          16946           8424       4.443e-4       2.623e-1       2.195e-7
   1           3424          14944           5849       3.500e-4       2.764e-1       8.102e-6
   1           3743          14693           7806       3.585e-4       3.000e-1       2.913e-6
   1           3411          15410           7671       6.176e-4       2.936e-1       7.242e-6
   1           5081          14922           8918       5.369e-4       2.487e-1       4.805e-6
   1           4286          14382          14755       4.997e-4       2.586e-1       2.012e-6
   1           3972          11249           8395       2.644e-4       2.418e-1       2.061e-6
   1           4108          11808           2422       2.965e-4       2.634e-1       2.788e-8
   1           5907          18771           8495       1.834e-4       2.783e-1       1.163e-6
   1           6246           9892          19257       9.013e-4       1.782e-1       1.354e-6
   1           5547          12728          12326       5.968e-4       2.366e-1       7.701e-6
   1           4463          14873           9272       6.584e-4       2.183e-1       6.575e-7
   1           4006          10452           5462       4.952e-4       2.256e-1       1.133e-7
   1           2048           9011           4308       5.140e-4       2.895e-1       2.517e-6
   1           5123          18588          16393       4.285e-4       2.608e-1       7.509e-6
   1           4103          11235          12969       4.956e-4       2.229e-1       7.940e-6
   1           5170          12537          12171       5.495e-4       2.960e-1       5.119e-6
   1           3893          13094           1986       3.259e-4       2.576e-1       3.168e-7
   1           3712           9194           6260       7.920e-4       2.549e-1       1.696e-6
   1           2809          20721           2168       3.918e-4       3.000e-1       6.827e-7
   1           5852          11387          10012       4.609e-4       2.784e-1       2.014e-7
   1           4950          12467          11224       4.347e-4       2.862e-1       1.632e-7
   1           6679          14081           6332       2.437e-4       1.965e-1       3.074e-6
   1           5019          16844           3147       6.203e-4       2.203e-1       1.878e-6
   1           5815          10019           8645       2.392e-4       1.488e-1       3.577e-8
   1           4302          13527          13440       2.719e-4       2.024e-1       6.527e-6
   1           3925           8727           4328       5.605e-4       2.665e-1       9.542e-6
   1           4076           4531           5448       3.022e-4       2.412e-1       2.768e-7
   1           6110          14389          11133       1.000e-4       2.459e-1       1.115e-6
   1           5624          15242           9215       2.845e-4       2.698e-1       8.925e-6
   1           3361           9137           2003       5.903e-4       2.701e-1       2.014e-7
   1           2636          10982           6186       4.662e-4       2.642e-1       2.344e-7
   1           3175           9152           2971       6.889e-4       2.878e-1       3.177e-6
   1           5396           8298          10535       2.417e-4       2.736e-1       1.883e-7
   1           2417          13260          10383       5.520e-4       2.982e-1       4.719e-6
   1           3652          12316           3014       4.489e-4       1.745e-1       1.481e-6
   1           4851          16168           7398       4.316e-4       2.784e-1       1.209e-6
   1           3488           8897           7347       4.563e-4       3.000e-1       2.063e-6
   1           4741           8733           8741       3.109e-4       2.008e-1       8.254e-6
   1           3985          10627           6488       3.593e-4       2.857e-1       8.901e-6
   1           2601           6339          17519       5.820e-4       2.203e-1       2.642e-6
   1           3632          17219            874       4.840e-4       2.552e-1       4.180e-6
   1           6468          12568           9384       2.418e-4       2.354e-1       4.760e-8
   1           5027          17770          17377       3.733e-4       2.954e-1       4.860e-6
   1           1953          11544          10071       8.946e-4       2.249e-1       7.719e-7
   1           4656          12938          13724       2.739e-4       2.295e-1       1.569e-7
   1           4870          16822           8162       3.467e-4       2.734e-1       5.218e-6
   1           3719          11167           9731       7.450e-4       1.108e-1       8.856e-6
   1           2971          11339           9890       6.555e-4       2.070e-1       5.922e-7
   1           4193          17333          11998       3.575e-4       2.981e-1       7.241e-8
   1           4537          13123           1283       4.663e-4       2.676e-1       3.028e-8
   1           2817          12376          10915       6.138e-4       2.989e-1       4.340e-7
   1           3861           7701          19303       6.593e-4       1.811e-1       1.913e-7
   1           2897           9693           4237       8.454e-4       2.854e-1       2.545e-6
   1           4097          11262           4260       6.169e-4       2.125e-1       7.938e-6
   1           4648          17751          10104       3.174e-4       2.507e-1       5.439e-6
   1           4228           9769           7809       5.996e-4       2.755e-1       5.498e-6
   1           4292          15975           7956       7.772e-4       2.869e-1       1.032e-6
   1           4220          12135          13212       8.579e-4       3.000e-1       1.535e-7
   1           3500           6238          17622       4.628e-4       1.667e-1       9.638e-6
   1           3247           2477          10666       6.302e-4       1.422e-1       6.916e-6
   1           4250          19458          17567       3.791e-4       1.962e-1       4.376e-7
   1           6356          19286           8462       2.456e-4       2.973e-1       2.409e-8
   1           4273          15531           9482       2.195e-4       3.000e-1       1.235e-6
   1           4073          15573           6682       4.434e-4       2.835e-1       4.974e-8
   1           4687          13362           5136       8.288e-4       2.571e-1       4.326e-6
   1           4960          14328           7232       2.801e-4       2.584e-1       2.305e-6
   1           3627           8901          17247       6.016e-4       2.984e-1       8.080e-7
   1           2761          14374           4355       6.854e-4       2.294e-1       3.146e-6
   1           4858          19444           7950       4.906e-4       2.213e-1       1.978e-6
   1           4796           7457           5894       8.542e-4       2.601e-1       7.635e-8
   1           4314           7951          13131       1.861e-4       2.760e-1       1.921e-6
   1           3906          14440           8214       4.708e-4       2.948e-1       6.615e-6
   1           5191          14514           4036       5.932e-4       1.946e-1       1.000e-5
   1           3955          13756            859       3.551e-4       2.652e-1       2.028e-6
   1           4461           7492           8902       7.091e-4       2.018e-1       9.805e-6
   1           4797           9314           2812       5.703e-4       1.780e-1       4.029e-6
   1           5088          14975          10152       2.400e-4       2.947e-1       8.433e-6
   1           2784          12387           2348       6.380e-4       2.933e-1       4.180e-6
   1           5120          16661           5461       3.039e-4       2.878e-1       4.784e-6
   1           4190           6973           8777       3.694e-4       2.594e-1       9.568e-7
   1           5306          17752           9299       2.054e-4       3.000e-1       4.424e-6
   1           2944          10951           8810       6.972e-4       3.000e-1       6.124e-6
   1           4889          10958           8195       4.544e-4       1.808e-1       3.600e-7
   1           3315          15336          13382       7.454e-4       2.969e-1       8.920e-8
   1           4158          16832           9462       5.850e-4       2.738e-1       2.545e-8
   1           4350          10461           3688       4.012e-4       2.640e-1       6.713e-7
   1           3764          13250           3753       9.417e-4       2.517e-1       7.193e-6
   1           3572           9186          11926       8.084e-4       2.040e-1       1.738e-6
   1           3512           8627           5602       6.907e-4       3.000e-1       6.952e-6
   1           4354          11940           5831       8.109e-4       1.342e-1       2.166e-6
   1           5862           7158           8775       1.784e-4       2.672e-1       9.147e-6
   1           3361          12765           6239       5.213e-4       2.376e-1       2.695e-8
   1           6887           9415           4676       2.690e-4       2.904e-1       3.527e-7
   1           2599          13983           8784       7.631e-4       2.778e-1       4.643e-6
   1           2822           8991           5358       7.680e-4       2.392e-1       4.692e-7
   1           4392          10800           3532       6.965e-4       2.583e-1       3.963e-7
   1           5494          10220           5266       1.775e-4       2.542e-1       8.915e-6
   1           4472          18813           1553       2.067e-4       2.936e-1       7.418e-8
   1           3558          10819          11598       2.591e-4       2.930e-1       1.000e-5
   1           4356           8357          10879       3.275e-4       2.733e-1       8.538e-6
   1           4982          20100           6936       5.113e-4       2.807e-1       5.096e-7
   1           3670           7724           8960       4.755e-4       1.932e-1       1.292e-7
   1           4149          12913           1841       4.745e-4       1.953e-1       4.699e-7
   1           4198          12676          10812       5.693e-4       1.455e-1       1.887e-6
   1           3650           7716          11016       5.153e-4       1.168e-1       8.470e-6
   1           4661          10815           7207       3.351e-4       2.711e-1       4.550e-6
   1           5579          21104          14118       2.986e-4       2.978e-1       2.152e-6
   1           3408          19916           4996       4.045e-4       1.970e-1       4.908e-6
   1           4128           8888           9148       2.984e-4       2.829e-1       4.414e-6
   1           4736          13593          12226       3.578e-4       2.873e-1       6.351e-6
   1           2610          16900           2518       7.189e-4       2.534e-1       8.733e-6
   1           3125          11796           9486       6.016e-4       2.952e-1       3.137e-6
   1           3023          15896           3408       6.332e-4       2.558e-1       5.790e-6
   1           4354           9067            890       2.396e-4       2.914e-1       5.138e-7
   1           2655           6792           4324       3.972e-4       2.980e-1       8.336e-6
   1           2680          19412          11112       4.405e-4       2.326e-1       3.643e-6
   1           4367          10519          14063       5.302e-4       3.000e-1       5.631e-7
   1           2871          15584           1149       2.597e-4       2.425e-1       8.701e-6
   1           4922          11680          11075       7.244e-4       2.918e-1       1.558e-6
   1           3522          11364           1840       4.072e-4       2.361e-1       5.239e-6
   1           2975           1311           4968       3.276e-4       2.900e-1       1.580e-7
   1           3964          13340           6179       5.557e-4       2.028e-1       2.431e-7
   1           4004          17195           6120       7.406e-4       2.328e-1       2.847e-6
   1           5077          16834           4880       8.957e-4       3.000e-1       6.849e-8
   1           5539          13559           8132       3.704e-4       2.657e-1       4.918e-8
   1           1959           4675           6970       6.970e-4       2.264e-1       6.138e-8
   1           3042          13359           7457       3.417e-4       2.558e-1       9.891e-6
   1           4159          14331           1946       3.150e-4       2.895e-1       1.622e-7
   1           2645          14070           1108       5.774e-4       2.629e-1       3.907e-6
   1           2962          19908           2913       3.553e-4       2.732e-1       3.591e-6
   1           3924          17635           8319       7.278e-4       2.363e-1       1.000e-5
   1           4844          12532          18429       6.048e-4       2.673e-1       4.763e-7
   1           3093          17081            518       4.771e-4       3.000e-1       1.200e-7
   1           4580          12936           8563       5.549e-4       2.937e-1       1.032e-6
   1           2420          10120          10953       5.492e-4       2.560e-1       4.879e-7
   1           3934           5907           2815       4.286e-4       2.642e-1       1.036e-6
   1           5251          16566           5814       3.105e-4       1.551e-1       1.738e-7
   1           3008           6951          12430       6.226e-4       2.567e-1       2.533e-6
   1           4111           9585           4887       9.292e-4       2.153e-1       3.499e-7
   1           6402          17315           9020       3.509e-4       1.943e-1       4.152e-7
   1           4479           7460           9100       2.445e-4       2.476e-1       5.590e-6
   1           2633           9092           5233       8.498e-4       2.497e-1       7.178e-6
   1           3194          12164           3327       6.794e-4       2.711e-1       1.972e-7
   1           4529          18116           3635       5.714e-4       2.747e-1       2.925e-6
   1           2193            113           7034       3.831e-4       2.310e-1       5.097e-6
   1           3939           9243          13441       6.718e-4       2.029e-1       3.379e-7
   1           4557          14611           6580       2.169e-4       2.853e-1       3.426e-6
   1           3668          13271          11931       7.042e-4       2.034e-1       4.980e-6
   1           4789          15412          10848       5.407e-4       1.886e-1       6.088e-7
   1           2373           8332          12081       7.794e-4       2.348e-1       9.780e-6
   1           3063          12724           3123       8.839e-4       2.833e-1       2.130e-6
   1           4763          17565           5808       1.737e-4       2.594e-1       7.822e-7
   1           5319          18621           7270       3.154e-4       2.488e-1       3.153e-6
   1           3485           8674           6783       6.158e-4       1.875e-1       1.000e-5
   1           3154          10837           7242       3.662e-4       2.754e-1       4.245e-7
   1           2692          17168           3449       9.369e-4       2.923e-1       2.898e-8
   1           4028          11942           5691       3.622e-4       2.499e-1       5.314e-8
   1           3875          13839            858       3.144e-4       2.575e-1       5.320e-7
   1           3851          14180          15341       2.493e-4       2.802e-1       2.088e-6
   1           3246          15189           1093       5.510e-4       2.658e-1       7.922e-7
   1           4020          14828          14203       7.492e-4       2.613e-1       6.185e-7
   1           4775          20079           8213       3.441e-4       2.601e-1       2.099e-6
   1           5634          11066          14036       2.443e-4       2.257e-1       6.002e-7
   1           5753          17785           6417       2.031e-4       2.742e-1       3.754e-7
   1           1596          16835           7664       9.189e-4       2.798e-1       5.585e-7
   1           2937           9552          11318       4.752e-4       2.796e-1       6.585e-6
   1           5688          13160           9546       4.256e-4       2.995e-1       1.113e-7
   1           3687           7892           9247       6.344e-4       2.193e-1       2.540e-7
   1           3874           9186          14222       3.740e-4       1.832e-1       1.807e-6
   1           3652          11073           3430       6.935e-4       2.676e-1       3.202e-6
   1           4539          10952            834       2.759e-4       2.863e-1       1.067e-6
   1           5965           6300           2451       2.010e-4       2.881e-1       4.094e-6
   1           3970          14408           8939       4.650e-4       2.663e-1       1.640e-6
   1           3134          20604          11476       3.881e-4       2.790e-1       1.112e-6
   1           3361          20188           7634       5.658e-4       2.827e-1       5.677e-8
   1           4839          10022           1417       5.795e-4       2.857e-1       1.506e-7
   1           4746          17010          12620       2.830e-4       2.751e-1       6.454e-6
   1           4220          12482           2137       5.669e-4       2.901e-1       7.514e-7
   1           3378          16599           5753       5.391e-4       2.835e-1       7.499e-6
   1           4122          13413           5900       3.452e-4       2.513e-1       9.266e-8
   1           5286           8760           9058       2.667e-4       3.000e-1       8.586e-6
   1           3440          17052           4303       3.772e-4       2.688e-1       3.247e-6
   1           4417          17672           3229       8.253e-4       2.295e-1       8.606e-6
   1           3781          13979           4947       5.265e-4       2.590e-1       1.066e-6
   1           3388          12516           5005       7.204e-4       2.970e-1       1.785e-8
   1           3704           9196           9903       4.422e-4       2.385e-1       3.640e-8
   1           4125          13769           8514       3.695e-4       2.480e-1       2.264e-7
   1           4552          16263           8662       8.098e-4       2.415e-1       3.135e-6
   1           3284          13252           1322       3.512e-4       2.483e-1       6.042e-7
   1           3872           1279           4446       4.012e-4       3.000e-1       7.007e-6
   1           4017          14593          15616       4.423e-4       2.229e-1       4.818e-6
   1           3053          18421            317       6.268e-4       2.087e-1       1.326e-8
   1           5085          17185          10396       8.955e-4       1.143e-1       5.903e-6
   1           4771           8262          10759       7.607e-4       2.069e-1       1.937e-6
   1           2018          15020           1788       7.530e-4       2.548e-1       1.448e-6
   1           5541           9415          16068       3.276e-4       2.222e-1       2.330e-8
   1           3623          16818           6106       3.659e-4       2.884e-1       8.905e-6
   1           5362          12329           6412       3.788e-4       2.788e-1       6.423e-8
   1           3945          18158           1260       6.925e-4       1.379e-1       3.800e-7
   1           4931          12466          14624       2.005e-4       1.850e-1       1.629e-6
   1           3797           9885           9170       3.116e-4       2.149e-1       1.238e-6
   1           4606          12017            661       2.614e-4       2.559e-1       2.350e-7
   1           4081          11397           4497       4.460e-4       1.819e-1       9.271e-7
   1           4111           7560           2745       2.721e-4       2.194e-1       5.657e-7
   1           3893           5003           4194       4.860e-4       2.357e-1       4.597e-6
