-833281935
1824037012
1769212050
-1433444854
-1907468203
-1701134953
1460215784
-658551496
-194974616
1892477983
1991543469
158118620
-1050393229
496496625
-1643608602
-1984537023
-1918760812
701965007
-1843033586
991087791
1061943819
-2077894765
-29204855
-1477913807
-1761151358
-921604952
-919318938
-634131260
-281240037
1282551982
-1916274008
1957735246
773303234
1466055256
430178478
270908496
-535591516
477854036
781319610
-1178426187
-1973932503
1486515179
344205570
-338036482
-344522220
1409142391
-1938263936
-1078944398
-906352566
1424857366
-765410643
1698367962
1882403398
1436418908
1715318706
-1208313644
653233067
1823464788
449587527
1355557053
-162328084
783330445
-1671975207
-1715276474
-127869191
-1307007359
1752071737
1470232935
1796824266
537870532
276850591
-1449580829
729948535
-395074475
-1949955256
-1148432968
-2137421250
-1405044737
321765638
872525464
-1172525135
2046284897
723919958
-1232386875
-308344738
-2136719168
-234782388
-965183645
1128990048
635372276
317781404
-17394631
-761640609
1789335925
-1424125081
1945070109
1122757247
437026581
50
