8
20
6 10 70 85 73 12 12 14 4 23 23 18 7 5 4 3 2 1 1 1
1 3 4 5 6 7 8 9 10 11 12 13 14 15 16 17 19 20 23 24
7
1 6 264 87 12 2 2
1 2 3 4 5 6 7
22
4 3 1 2 7 15 17 18 8 6 27 43 116 65 23 7 2 1 1 3 2 3
1 5 8 9 11 12 13 14 15 16 17 18 19 20 21 22 23 24 25 26 27 28
14
97 14 85 13 7 41 49 40 10 12 1 1 2 2
1 2 3 4 5 6 7 8 9 10 12 13 14 15
10
2 13 2 20 1 306 1 27 1 1
1 11 12 13 14 15 16 17 19 21
6
2 13 169 132 53 5
1 3 5 5 6 7
2
292 82
1 2
13
2 1 21 11 24 150 76 38 34 3 6 7 1
1 4 5 6 7 8 9 10 11 12 13 14 16
