-763253809
1643717569
1797002935
-513286428
1180775340
1435236777
404342
-1088559256
-967316274
-1786107740
-954702181
2133634822
36502784
1516316552
-171183804
1375141082
1029821763
-1026827773
1816916005
1246779943
-1784091563
2138512424
-41618352
-752589392
289361456
1132070267
963920897
-862643281
-703550729
-84042943
-1361158699
1002518940
-2100783449
-494051290
-1266892652
-605033953
1274278323
832576867
442860576
-51129097
850623850
-1562270787
1759506666
1905359785
-191111962
-463939624
-638985109
1082692886
1188751360
-1551710255
-1724348416
1924814681
-1158011193
-1381114495
-361912834
-795248566
52611495
-1321366139
1453933711
1229500100
1420383549
-845847479
1459504023
978214780
28319161
911486992
1298252578
1322780964
519741165
-107129883
169114548
570645164
2032284121
719339435
-481824010
1602863563
-979046655
743122167
1711622761
-1479140589
-690336663
259599625
775312287
-1917041156
-1727369445
1251250659
1586231970
-1729775647
-23632443
-1975592776
693160988
-1260693756
-2086689120
1809905541
817545630
970002785
-1071542666
-1195451869
1
