   Co09-CO13  1 0.5232 0.4768 
   Co09-SC01  1 0.4993 0.5007 
   Co09-SC02  1 0.5522 0.4478 
   Co09-SC03  1 0.5043 0.4957 
   Co09-SC04  1 0.4743 0.5257 
   Co09-SC05  1 0.4337 0.5663 
   Co09-SC06  1 0.5462 0.4538 
   Co09-SC07  1 0.4135 0.5865 
   Co09-SC08  1 0.4666 0.5334 
   Co09-SC10  1 0.5090 0.4910 
   Co09-SC11  1 0.5592 0.4408 
   Co09-SC12  1 0.4894 0.5106 
   Co09-SC14  1 0.5154 0.4846 
   Co09-SC15  1 0.4218 0.5782 
   Co09-SC16  1 0.5654 0.4346 
   Co09-SC18  1 0.4747 0.5253 
   Co09-SC19  1 0.5427 0.4573 
   Co09-SC20  1 0.5233 0.4767 
   Co09-SC21  1 0.5005 0.4995 
   Co09-SC23  1 0.5232 0.4768 
   Co09-SC24  1 0.4938 0.5062 
   Co09-SC25  1 0.4860 0.5140 
   Co09-SC27  1 0.5672 0.4328 
   Co09-SC28  1 0.5364 0.4636 
   Co09-SC29  1 0.5841 0.4159 
   Co09-SC30  1 0.4248 0.5752 
   Co09-SC31  1 0.5131 0.4869 
   Co09-SF05  1 0.5039 0.4961 
   Co09-SF08  1 0.5350 0.4650 
   Co09-SF12  1 0.4796 0.5204 
   Co09-SF13  1 0.5222 0.4778 
   Co09-SF15  1 0.4945 0.5055 
   Co09-SF16  1 0.4866 0.5134 
   Co09-SF20  1 0.4862 0.5138 
   Co09-SF21  1 0.5111 0.4889 
   Co09-SF22  1 0.5800 0.4200 
   Co09-SF24  1 0.4528 0.5472 
   Co09-SF25  1 0.4602 0.5398 
   Co09-SF27  1 0.4545 0.5455 
   Co09-SF28  1 0.4628 0.5372 
   Co09-SF29  1 0.4775 0.5225 
   Co09-SF30  1 0.5008 0.4992 
  Co09-SF301  1 0.4832 0.5168 
  Co09-SF302  1 0.5139 0.4861 
  Co09-SF303  1 0.5002 0.4998 
  Co09-SF304  1 0.5021 0.4979 
  Co09-SF307  1 0.4516 0.5484 
  Co09-SF308  1 0.5272 0.4728 
  Co09-SF309  1 0.5214 0.4786 
  Co09-SF310  1 0.4926 0.5074 
  Co09-SF311  1 0.4891 0.5109 
  Co09-SF324  1 0.4872 0.5128 
  Co09-SF328  1 0.4438 0.5562 
  Co09-SF331  1 0.5776 0.4224 
  Co09-SF335  1 0.5531 0.4469 
  Co09-SF341  1 0.5531 0.4469 
  Co09-SF349  1 0.4523 0.5477 
   Co10-SF50  1 0.4666 0.5334 
   Co13-2082  1 0.4522 0.5478 
   Co13-2084  1 0.4738 0.5262 
   Co13-2085  1 0.5414 0.4586 
   Co13-2086  1 0.4591 0.5409 
   Co13-2087  1 0.5023 0.4977 
   Co13-2092  1 0.4970 0.5030 
   Co13-2093  1 0.4788 0.5212 
   Co13-2097  1 0.5380 0.4620 
   Co13-2098  1 0.4806 0.5194 
   Co13-2099  1 0.4528 0.5472 
   Co13-2100  1 0.5097 0.4903 
   Co13-2101  1 0.5402 0.4598 
   Co13-2102  1 0.4017 0.5983 
   Co13-2103  1 0.4719 0.5281 
   Co13-2104  1 0.4628 0.5372 
   Co13-2105  1 0.5054 0.4946 
   Co13-2106  1 0.5053 0.4947 
   Co13-2107  1 0.4647 0.5353 
   Co13-2108  1 0.4791 0.5209 
   Co13-2109  1 0.4989 0.5011 
   Co13-2110  1 0.5105 0.4895 
   Co13-2111  1 0.4805 0.5195 
   Co13-2112  1 0.4634 0.5366 
   Co13-2114  1 0.5141 0.4859 
   Co13-2115  1 0.4686 0.5314 
   Co13-2116  1 0.5466 0.4534 
   Co13-2117  1 0.5515 0.4485 
   Co13-2119  1 0.5318 0.4682 
   Co13-2120  1 0.5320 0.4680 
   Co13-2121  1 0.4867 0.5133 
   Co13-2122  1 0.5237 0.4763 
   Co13-2123  1 0.4555 0.5445 
   Co13-2124  1 0.4466 0.5534 
   Co13-2125  1 0.4630 0.5370 
   Co13-2126  1 0.5303 0.4697 
   Co13-2127  1 0.4603 0.5397 
   Co13-2128  1 0.4545 0.5455 
   Co13-2129  1 0.5282 0.4718 
   Co13-2130  1 0.5581 0.4419 
   Co13-2131  1 0.4497 0.5503 
   Co13-2132  1 0.4560 0.5440 
   Co13-2133  1 0.5495 0.4505 
   Co13-2134  1 0.4789 0.5211 
   Co13-2135  1 0.4521 0.5479 
   Co13-2136  1 0.4556 0.5444 
   Co13-2137  1 0.4859 0.5141 
   Co13-2139  1 0.4671 0.5329 
   Co13-2140  1 0.4566 0.5434 
   Co13-2141  1 0.5903 0.4097 
   Co13-2142  1 0.4886 0.5114 
   Co13-2143  1 0.5515 0.4485 
   Co13-2144  1 0.4611 0.5389 
   Co13-2145  1 0.5045 0.4955 
   Co13-2146  1 0.4933 0.5067 
   Co13-2147  1 0.5346 0.4654 
   Co13-2149  1 0.4656 0.5344 
   Co13-2150  1 0.5439 0.4561 
   Co13-2184  1 0.4309 0.5691 
    Co13-Tg1  1 0.5155 0.4845 
     Co17-01  1 0.5220 0.4780 
     Co17-02  1 0.5497 0.4503 
     Co17-03  1 0.5420 0.4580 
     Co17-04  1 0.4891 0.5109 
     Co17-05  1 0.5230 0.4770 
     Co17-06  1 0.5570 0.4430 
     Co17-07  1 0.4854 0.5146 
     Co17-08  1 0.5737 0.4263 
     Co17-09  1 0.4917 0.5083 
     Co17-10  1 0.5149 0.4851 
     Co17-11  1 0.5629 0.4371 
     Co17-12  1 0.4159 0.5841 
     Co17-13  1 0.4982 0.5018 
     Co17-14  1 0.4503 0.5497 
     Co17-15  1 0.5143 0.4857 
     Co17-16  1 0.4988 0.5012 
     Co17-17  1 0.5235 0.4765 
     Co17-18  1 0.5307 0.4693 
     Co17-19  1 0.4853 0.5147 
     Co17-20  1 0.4992 0.5008 
     Co17-21  1 0.4845 0.5155 
     Co17-22  1 0.5035 0.4965 
     Co17-23  1 0.4450 0.5550 
     Co17-24  1 0.4916 0.5084 
     Co17-25  1 0.5354 0.4646 
     Co17-26  1 0.5215 0.4785 
     Co17-27  1 0.5102 0.4898 
     Co17-28  1 0.4370 0.5630 
     Co17-29  1 0.5253 0.4747 
     Co17-30  1 0.4713 0.5287 
     Co17-31  1 0.4908 0.5092 
     Co17-32  1 0.4321 0.5679 
     Co17-34  1 0.5067 0.4933 
     Co17-35  1 0.4565 0.5435 
     Co17-36  1 0.4098 0.5902 
     Co17-37  1 0.5487 0.4513 
     Co17-38  1 0.4912 0.5088 
     Co17-39  1 0.4995 0.5005 
     Co17-40  1 0.4213 0.5787 
     Co17-41  1 0.4814 0.5186 
     Co17-43  1 0.4953 0.5047 
     Co17-46  1 0.4937 0.5063 
     Co17-47  1 0.4814 0.5186 
     Co17-48  1 0.4870 0.5130 
     Co17-49  1 0.5294 0.4706 
     Co17-50  1 0.4475 0.5525 
     Co17-51  1 0.5462 0.4538 
     Co17-52  1 0.4749 0.5251 
     Co17-53  1 0.4975 0.5025 
     Co17-54  1 0.4631 0.5369 
     Co17-55  1 0.5407 0.4593 
     Co17-56  1 0.5470 0.4530 
     Co17-57  1 0.5171 0.4829 
     Co17-58  1 0.4490 0.5510 
     Co17-60  1 0.5589 0.4411 
     Co17-62  1 0.5309 0.4691 
     Co17-65  1 0.5796 0.4204 
     Co17-67  1 0.4714 0.5286 
     Co17-68  1 0.4919 0.5081 
     Co17-69  1 0.4551 0.5449 
     Co17-70  1 0.5318 0.4682 
     Co17-73  1 0.5190 0.4810 
     Co17-74  1 0.4808 0.5192 
     Co17-75  1 0.4881 0.5119 
     Co17-76  1 0.4619 0.5381 
     Co17-77  1 0.4953 0.5047 
     Co17-78  1 0.5922 0.4078 
     Co17-79  1 0.5109 0.4891 
     Co17-80  1 0.5857 0.4143 
     Co17-82  1 0.5055 0.4945 
