   Co09-CO13  1 0.5174 0.4826 
   Co09-SC01  1 0.5019 0.4981 
   Co09-SC02  1 0.5637 0.4363 
   Co09-SC03  1 0.5035 0.4965 
   Co09-SC04  1 0.4863 0.5137 
   Co09-SC05  1 0.4283 0.5717 
   Co09-SC06  1 0.5470 0.4530 
   Co09-SC07  1 0.4016 0.5984 
   Co09-SC08  1 0.4752 0.5248 
   Co09-SC10  1 0.5129 0.4871 
   Co09-SC11  1 0.5556 0.4444 
   Co09-SC12  1 0.4862 0.5138 
   Co09-SC14  1 0.5127 0.4873 
   Co09-SC15  1 0.4142 0.5858 
   Co09-SC16  1 0.5784 0.4216 
   Co09-SC18  1 0.4766 0.5234 
   Co09-SC19  1 0.5516 0.4484 
   Co09-SC20  1 0.5277 0.4723 
   Co09-SC21  1 0.5018 0.4982 
   Co09-SC23  1 0.5176 0.4824 
   Co09-SC24  1 0.4924 0.5076 
   Co09-SC25  1 0.4880 0.5120 
   Co09-SC27  1 0.5594 0.4406 
   Co09-SC28  1 0.5214 0.4786 
   Co09-SC29  1 0.5784 0.4216 
   Co09-SC30  1 0.4089 0.5911 
   Co09-SC31  1 0.5187 0.4813 
   Co09-SF05  1 0.5153 0.4847 
   Co09-SF08  1 0.5408 0.4592 
   Co09-SF12  1 0.4790 0.5210 
   Co09-SF13  1 0.5272 0.4728 
   Co09-SF15  1 0.4885 0.5115 
   Co09-SF16  1 0.4797 0.5203 
   Co09-SF20  1 0.4809 0.5191 
   Co09-SF21  1 0.5068 0.4932 
   Co09-SF22  1 0.5844 0.4156 
   Co09-SF24  1 0.4503 0.5497 
   Co09-SF25  1 0.4456 0.5544 
   Co09-SF27  1 0.4462 0.5538 
   Co09-SF28  1 0.4635 0.5365 
   Co09-SF29  1 0.4717 0.5283 
   Co09-SF30  1 0.5051 0.4949 
  Co09-SF301  1 0.5044 0.4956 
  Co09-SF302  1 0.5094 0.4906 
  Co09-SF303  1 0.4935 0.5065 
  Co09-SF304  1 0.5042 0.4958 
  Co09-SF307  1 0.4528 0.5472 
  Co09-SF308  1 0.5233 0.4767 
  Co09-SF309  1 0.5231 0.4769 
  Co09-SF310  1 0.4825 0.5175 
  Co09-SF311  1 0.4820 0.5180 
  Co09-SF324  1 0.4903 0.5097 
  Co09-SF328  1 0.4490 0.5510 
  Co09-SF331  1 0.5692 0.4308 
  Co09-SF335  1 0.5633 0.4367 
  Co09-SF341  1 0.5493 0.4507 
  Co09-SF349  1 0.4613 0.5387 
   Co10-SF50  1 0.4701 0.5299 
   Co13-2082  1 0.4515 0.5485 
   Co13-2084  1 0.4656 0.5344 
   Co13-2085  1 0.5529 0.4471 
   Co13-2086  1 0.4548 0.5452 
   Co13-2087  1 0.5043 0.4957 
   Co13-2092  1 0.5002 0.4998 
   Co13-2093  1 0.4904 0.5096 
   Co13-2097  1 0.5325 0.4675 
   Co13-2098  1 0.4800 0.5200 
   Co13-2099  1 0.4575 0.5425 
   Co13-2100  1 0.5146 0.4854 
   Co13-2101  1 0.5489 0.4511 
   Co13-2102  1 0.3961 0.6039 
   Co13-2103  1 0.4480 0.5520 
   Co13-2104  1 0.4584 0.5416 
   Co13-2105  1 0.5028 0.4972 
   Co13-2106  1 0.5176 0.4824 
   Co13-2107  1 0.4598 0.5402 
   Co13-2108  1 0.4798 0.5202 
   Co13-2109  1 0.4766 0.5234 
   Co13-2110  1 0.5057 0.4943 
   Co13-2111  1 0.4697 0.5303 
   Co13-2112  1 0.4594 0.5406 
   Co13-2114  1 0.5096 0.4904 
   Co13-2115  1 0.4809 0.5191 
   Co13-2116  1 0.5468 0.4532 
   Co13-2117  1 0.5569 0.4431 
   Co13-2119  1 0.5402 0.4598 
   Co13-2120  1 0.5193 0.4807 
   Co13-2121  1 0.4923 0.5077 
   Co13-2122  1 0.5336 0.4664 
   Co13-2123  1 0.4496 0.5504 
   Co13-2124  1 0.4485 0.5515 
   Co13-2125  1 0.4440 0.5560 
   Co13-2126  1 0.5331 0.4669 
   Co13-2127  1 0.4586 0.5414 
   Co13-2128  1 0.4639 0.5361 
   Co13-2129  1 0.5283 0.4717 
   Co13-2130  1 0.5590 0.4410 
   Co13-2131  1 0.4389 0.5611 
   Co13-2132  1 0.4579 0.5421 
   Co13-2133  1 0.5483 0.4517 
   Co13-2134  1 0.4841 0.5159 
   Co13-2135  1 0.4422 0.5578 
   Co13-2136  1 0.4469 0.5531 
   Co13-2137  1 0.4806 0.5194 
   Co13-2139  1 0.4665 0.5335 
   Co13-2140  1 0.4690 0.5310 
   Co13-2141  1 0.5889 0.4111 
   Co13-2142  1 0.4743 0.5257 
   Co13-2143  1 0.5513 0.4487 
   Co13-2144  1 0.4575 0.5425 
   Co13-2145  1 0.5009 0.4991 
   Co13-2146  1 0.4982 0.5018 
   Co13-2147  1 0.5368 0.4632 
   Co13-2149  1 0.4646 0.5354 
   Co13-2150  1 0.5627 0.4373 
   Co13-2184  1 0.4275 0.5725 
    Co13-Tg1  1 0.5134 0.4866 
     Co17-01  1 0.5293 0.4707 
     Co17-02  1 0.5531 0.4469 
     Co17-03  1 0.5383 0.4617 
     Co17-04  1 0.4804 0.5196 
     Co17-05  1 0.5107 0.4893 
     Co17-06  1 0.5577 0.4423 
     Co17-07  1 0.5038 0.4962 
     Co17-08  1 0.5774 0.4226 
     Co17-09  1 0.4815 0.5185 
     Co17-10  1 0.4969 0.5031 
     Co17-11  1 0.5670 0.4330 
     Co17-12  1 0.4195 0.5805 
     Co17-13  1 0.4997 0.5003 
     Co17-14  1 0.4510 0.5490 
     Co17-15  1 0.5222 0.4778 
     Co17-16  1 0.5039 0.4961 
     Co17-17  1 0.5158 0.4842 
     Co17-18  1 0.5133 0.4867 
     Co17-19  1 0.4820 0.5180 
     Co17-20  1 0.5058 0.4942 
     Co17-21  1 0.4893 0.5107 
     Co17-22  1 0.4914 0.5086 
     Co17-23  1 0.4403 0.5597 
     Co17-24  1 0.4941 0.5059 
     Co17-25  1 0.5308 0.4692 
     Co17-26  1 0.5095 0.4905 
     Co17-27  1 0.5169 0.4831 
     Co17-28  1 0.4439 0.5561 
     Co17-29  1 0.5274 0.4726 
     Co17-30  1 0.4505 0.5495 
     Co17-31  1 0.4957 0.5043 
     Co17-32  1 0.4317 0.5683 
     Co17-34  1 0.4978 0.5022 
     Co17-35  1 0.4458 0.5542 
     Co17-36  1 0.4023 0.5977 
     Co17-37  1 0.5594 0.4406 
     Co17-38  1 0.5031 0.4969 
     Co17-39  1 0.5020 0.4980 
     Co17-40  1 0.4134 0.5866 
     Co17-41  1 0.4761 0.5239 
     Co17-43  1 0.4928 0.5072 
     Co17-46  1 0.4944 0.5056 
     Co17-47  1 0.4794 0.5206 
     Co17-48  1 0.4817 0.5183 
     Co17-49  1 0.5263 0.4737 
     Co17-50  1 0.4591 0.5409 
     Co17-51  1 0.5557 0.4443 
     Co17-52  1 0.4798 0.5202 
     Co17-53  1 0.4876 0.5124 
     Co17-54  1 0.4753 0.5247 
     Co17-55  1 0.5582 0.4418 
     Co17-56  1 0.5532 0.4468 
     Co17-57  1 0.4971 0.5029 
     Co17-58  1 0.4393 0.5607 
     Co17-60  1 0.5673 0.4327 
     Co17-62  1 0.5217 0.4783 
     Co17-65  1 0.5793 0.4207 
     Co17-67  1 0.4634 0.5366 
     Co17-68  1 0.4871 0.5129 
     Co17-69  1 0.4522 0.5478 
     Co17-70  1 0.5336 0.4664 
     Co17-73  1 0.5257 0.4743 
     Co17-74  1 0.4716 0.5284 
     Co17-75  1 0.4841 0.5159 
     Co17-76  1 0.4647 0.5353 
     Co17-77  1 0.4944 0.5056 
     Co17-78  1 0.5950 0.4050 
     Co17-79  1 0.5157 0.4843 
     Co17-80  1 0.5973 0.4027 
     Co17-82  1 0.5146 0.4854 
