   Co09-CO13  1 0.4739 0.5261 
   Co09-SC01  1 0.5047 0.4953 
   Co09-SC02  1 0.4448 0.5552 
   Co09-SC03  1 0.4995 0.5005 
   Co09-SC04  1 0.5231 0.4769 
   Co09-SC05  1 0.5674 0.4326 
   Co09-SC06  1 0.4499 0.5501 
   Co09-SC07  1 0.5878 0.4122 
   Co09-SC08  1 0.5294 0.4706 
   Co09-SC10  1 0.4888 0.5112 
   Co09-SC11  1 0.4502 0.5498 
   Co09-SC12  1 0.5108 0.4892 
   Co09-SC14  1 0.4892 0.5108 
   Co09-SC15  1 0.5692 0.4308 
   Co09-SC16  1 0.4319 0.5681 
   Co09-SC18  1 0.5312 0.4688 
   Co09-SC19  1 0.4567 0.5433 
   Co09-SC20  1 0.4778 0.5222 
   Co09-SC21  1 0.5047 0.4953 
   Co09-SC23  1 0.4754 0.5246 
   Co09-SC24  1 0.5071 0.4929 
   Co09-SC25  1 0.5080 0.4920 
   Co09-SC27  1 0.4387 0.5613 
   Co09-SC28  1 0.4699 0.5301 
   Co09-SC29  1 0.4181 0.5819 
   Co09-SC30  1 0.5755 0.4245 
   Co09-SC31  1 0.4865 0.5135 
   Co09-SF05  1 0.4994 0.5006 
   Co09-SF08  1 0.4635 0.5365 
   Co09-SF12  1 0.5197 0.4803 
   Co09-SF13  1 0.4810 0.5190 
   Co09-SF15  1 0.5110 0.4890 
   Co09-SF16  1 0.5180 0.4820 
   Co09-SF20  1 0.5072 0.4928 
   Co09-SF21  1 0.4951 0.5049 
   Co09-SF22  1 0.4215 0.5785 
   Co09-SF24  1 0.5404 0.4596 
   Co09-SF25  1 0.5506 0.4494 
   Co09-SF27  1 0.5386 0.4614 
   Co09-SF28  1 0.5285 0.4715 
   Co09-SF29  1 0.5226 0.4774 
   Co09-SF30  1 0.4989 0.5011 
  Co09-SF301  1 0.5066 0.4934 
  Co09-SF302  1 0.4876 0.5124 
  Co09-SF303  1 0.5054 0.4946 
  Co09-SF304  1 0.4998 0.5002 
  Co09-SF307  1 0.5453 0.4547 
  Co09-SF308  1 0.4709 0.5291 
  Co09-SF309  1 0.4723 0.5277 
  Co09-SF310  1 0.5118 0.4882 
  Co09-SF311  1 0.5159 0.4841 
  Co09-SF324  1 0.5077 0.4923 
  Co09-SF328  1 0.5573 0.4427 
  Co09-SF331  1 0.4304 0.5696 
  Co09-SF335  1 0.4449 0.5551 
  Co09-SF341  1 0.4481 0.5519 
  Co09-SF349  1 0.5471 0.4529 
   Co10-SF50  1 0.5263 0.4737 
   Co13-2082  1 0.5428 0.4572 
   Co13-2084  1 0.5232 0.4768 
   Co13-2085  1 0.4573 0.5427 
   Co13-2086  1 0.5384 0.4616 
   Co13-2087  1 0.4966 0.5034 
   Co13-2092  1 0.5074 0.4926 
   Co13-2093  1 0.5154 0.4846 
   Co13-2097  1 0.4634 0.5366 
   Co13-2098  1 0.5207 0.4793 
   Co13-2099  1 0.5435 0.4565 
   Co13-2100  1 0.4879 0.5121 
   Co13-2101  1 0.4593 0.5407 
   Co13-2102  1 0.5939 0.4061 
   Co13-2103  1 0.5348 0.4652 
   Co13-2104  1 0.5358 0.4642 
   Co13-2105  1 0.4971 0.5029 
   Co13-2106  1 0.4878 0.5122 
   Co13-2107  1 0.5408 0.4592 
   Co13-2108  1 0.5238 0.4762 
   Co13-2109  1 0.5063 0.4937 
   Co13-2110  1 0.4967 0.5033 
   Co13-2111  1 0.5188 0.4812 
   Co13-2112  1 0.5319 0.4681 
   Co13-2114  1 0.4862 0.5138 
   Co13-2115  1 0.5340 0.4660 
   Co13-2116  1 0.4506 0.5494 
   Co13-2117  1 0.4477 0.5523 
   Co13-2119  1 0.4705 0.5295 
   Co13-2120  1 0.4750 0.5250 
   Co13-2121  1 0.5090 0.4910 
   Co13-2122  1 0.4731 0.5269 
   Co13-2123  1 0.5459 0.4541 
   Co13-2124  1 0.5539 0.4461 
   Co13-2125  1 0.5410 0.4590 
   Co13-2126  1 0.4703 0.5297 
   Co13-2127  1 0.5422 0.4578 
   Co13-2128  1 0.5414 0.4586 
   Co13-2129  1 0.4770 0.5230 
   Co13-2130  1 0.4410 0.5590 
   Co13-2131  1 0.5528 0.4472 
   Co13-2132  1 0.5337 0.4663 
   Co13-2133  1 0.4556 0.5444 
   Co13-2134  1 0.5148 0.4852 
   Co13-2135  1 0.5489 0.4511 
   Co13-2136  1 0.5397 0.4603 
   Co13-2137  1 0.5198 0.4802 
   Co13-2139  1 0.5296 0.4704 
   Co13-2140  1 0.5425 0.4575 
   Co13-2141  1 0.4156 0.5844 
   Co13-2142  1 0.5165 0.4835 
   Co13-2143  1 0.4538 0.5462 
   Co13-2144  1 0.5340 0.4660 
   Co13-2145  1 0.4937 0.5063 
   Co13-2146  1 0.5027 0.4973 
   Co13-2147  1 0.4602 0.5398 
   Co13-2149  1 0.5331 0.4669 
   Co13-2150  1 0.4515 0.5485 
   Co13-2184  1 0.5702 0.4298 
    Co13-Tg1  1 0.4848 0.5152 
     Co17-01  1 0.4753 0.5247 
     Co17-02  1 0.4507 0.5493 
     Co17-03  1 0.4542 0.5458 
     Co17-04  1 0.5139 0.4861 
     Co17-05  1 0.4894 0.5106 
     Co17-06  1 0.4429 0.5571 
     Co17-07  1 0.5107 0.4893 
     Co17-08  1 0.4252 0.5748 
     Co17-09  1 0.5091 0.4909 
     Co17-10  1 0.4892 0.5108 
     Co17-11  1 0.4392 0.5608 
     Co17-12  1 0.5762 0.4238 
     Co17-13  1 0.4949 0.5051 
     Co17-14  1 0.5471 0.4529 
     Co17-15  1 0.4827 0.5173 
     Co17-16  1 0.4979 0.5021 
     Co17-17  1 0.4755 0.5245 
     Co17-18  1 0.4882 0.5118 
     Co17-19  1 0.5162 0.4838 
     Co17-20  1 0.4989 0.5011 
     Co17-21  1 0.5125 0.4875 
     Co17-22  1 0.4956 0.5044 
     Co17-23  1 0.5497 0.4503 
     Co17-24  1 0.5066 0.4934 
     Co17-25  1 0.4733 0.5267 
     Co17-26  1 0.4823 0.5177 
     Co17-27  1 0.4886 0.5114 
     Co17-28  1 0.5576 0.4424 
     Co17-29  1 0.4765 0.5235 
     Co17-30  1 0.5320 0.4680 
     Co17-31  1 0.5102 0.4898 
     Co17-32  1 0.5622 0.4378 
     Co17-34  1 0.5087 0.4913 
     Co17-35  1 0.5469 0.4531 
     Co17-36  1 0.5820 0.4180 
     Co17-37  1 0.4544 0.5456 
     Co17-38  1 0.5081 0.4919 
     Co17-39  1 0.4964 0.5036 
     Co17-40  1 0.5760 0.4240 
     Co17-41  1 0.5199 0.4801 
     Co17-43  1 0.5125 0.4875 
     Co17-46  1 0.5018 0.4982 
     Co17-47  1 0.5207 0.4793 
     Co17-48  1 0.5055 0.4945 
     Co17-49  1 0.4797 0.5203 
     Co17-50  1 0.5493 0.4507 
     Co17-51  1 0.4514 0.5486 
     Co17-52  1 0.5213 0.4787 
     Co17-53  1 0.5050 0.4950 
     Co17-54  1 0.5305 0.4695 
     Co17-55  1 0.4656 0.5344 
     Co17-56  1 0.4577 0.5423 
     Co17-57  1 0.4944 0.5056 
     Co17-58  1 0.5546 0.4454 
     Co17-60  1 0.4449 0.5551 
     Co17-62  1 0.4763 0.5237 
     Co17-65  1 0.4266 0.5734 
     Co17-67  1 0.5290 0.4710 
     Co17-68  1 0.5123 0.4877 
     Co17-69  1 0.5477 0.4523 
     Co17-70  1 0.4737 0.5263 
     Co17-73  1 0.4767 0.5233 
     Co17-74  1 0.5213 0.4787 
     Co17-75  1 0.5121 0.4879 
     Co17-76  1 0.5362 0.4638 
     Co17-77  1 0.5030 0.4970 
     Co17-78  1 0.4086 0.5914 
     Co17-79  1 0.4834 0.5166 
     Co17-80  1 0.4123 0.5877 
     Co17-82  1 0.4877 0.5123 
