   Co09-CO13  1 0.4702 0.5298 
   Co09-SC01  1 0.5104 0.4896 
   Co09-SC02  1 0.4437 0.5563 
   Co09-SC03  1 0.5024 0.4976 
   Co09-SC04  1 0.5238 0.4762 
   Co09-SC05  1 0.5834 0.4166 
   Co09-SC06  1 0.4514 0.5486 
   Co09-SC07  1 0.6068 0.3932 
   Co09-SC08  1 0.5398 0.4602 
   Co09-SC10  1 0.4953 0.5047 
   Co09-SC11  1 0.4404 0.5596 
   Co09-SC12  1 0.5243 0.4757 
   Co09-SC14  1 0.4894 0.5106 
   Co09-SC15  1 0.5858 0.4142 
   Co09-SC16  1 0.4212 0.5788 
   Co09-SC18  1 0.5362 0.4638 
   Co09-SC19  1 0.4450 0.5550 
   Co09-SC20  1 0.4746 0.5254 
   Co09-SC21  1 0.5124 0.4876 
   Co09-SC23  1 0.4670 0.5330 
   Co09-SC24  1 0.5096 0.4904 
   Co09-SC25  1 0.5085 0.4915 
   Co09-SC27  1 0.4404 0.5596 
   Co09-SC28  1 0.4603 0.5397 
   Co09-SC29  1 0.4030 0.5970 
   Co09-SC30  1 0.5833 0.4167 
   Co09-SC31  1 0.4807 0.5193 
   Co09-SF05  1 0.4974 0.5026 
   Co09-SF08  1 0.4452 0.5548 
   Co09-SF12  1 0.5280 0.4720 
   Co09-SF13  1 0.4722 0.5278 
   Co09-SF15  1 0.5102 0.4898 
   Co09-SF16  1 0.5275 0.4725 
   Co09-SF20  1 0.5146 0.4854 
   Co09-SF21  1 0.4912 0.5088 
   Co09-SF22  1 0.4087 0.5913 
   Co09-SF24  1 0.5444 0.4556 
   Co09-SF25  1 0.5568 0.4432 
   Co09-SF27  1 0.5559 0.4441 
   Co09-SF28  1 0.5397 0.4603 
   Co09-SF29  1 0.5319 0.4681 
   Co09-SF30  1 0.4903 0.5097 
  Co09-SF301  1 0.5074 0.4926 
  Co09-SF302  1 0.4856 0.5144 
  Co09-SF303  1 0.5128 0.4872 
  Co09-SF304  1 0.5041 0.4959 
  Co09-SF307  1 0.5529 0.4471 
  Co09-SF308  1 0.4653 0.5347 
  Co09-SF309  1 0.4735 0.5265 
  Co09-SF310  1 0.5189 0.4811 
  Co09-SF311  1 0.5220 0.4780 
  Co09-SF324  1 0.5013 0.4987 
  Co09-SF328  1 0.5633 0.4367 
  Co09-SF331  1 0.4201 0.5799 
  Co09-SF335  1 0.4341 0.5659 
  Co09-SF341  1 0.4352 0.5648 
  Co09-SF349  1 0.5467 0.4533 
   Co10-SF50  1 0.5293 0.4707 
   Co13-2082  1 0.5586 0.4414 
   Co13-2084  1 0.5243 0.4757 
   Co13-2085  1 0.4583 0.5417 
   Co13-2086  1 0.5534 0.4466 
   Co13-2087  1 0.4946 0.5054 
   Co13-2092  1 0.5000 0.5000 
   Co13-2093  1 0.5157 0.4843 
   Co13-2097  1 0.4516 0.5484 
   Co13-2098  1 0.5294 0.4706 
   Co13-2099  1 0.5491 0.4509 
   Co13-2100  1 0.4831 0.5169 
   Co13-2101  1 0.4488 0.5512 
   Co13-2102  1 0.6168 0.3832 
   Co13-2103  1 0.5347 0.4653 
   Co13-2104  1 0.5408 0.4592 
   Co13-2105  1 0.5063 0.4937 
   Co13-2106  1 0.4882 0.5118 
   Co13-2107  1 0.5525 0.4475 
   Co13-2108  1 0.5299 0.4701 
   Co13-2109  1 0.5000 0.5000 
   Co13-2110  1 0.4933 0.5067 
   Co13-2111  1 0.5243 0.4757 
   Co13-2112  1 0.5435 0.4565 
   Co13-2114  1 0.4813 0.5187 
   Co13-2115  1 0.5435 0.4565 
   Co13-2116  1 0.4443 0.5557 
   Co13-2117  1 0.4425 0.5575 
   Co13-2119  1 0.4701 0.5299 
   Co13-2120  1 0.4658 0.5342 
   Co13-2121  1 0.4970 0.5030 
   Co13-2122  1 0.4741 0.5259 
   Co13-2123  1 0.5563 0.4437 
   Co13-2124  1 0.5638 0.4362 
   Co13-2125  1 0.5495 0.4505 
   Co13-2126  1 0.4700 0.5300 
   Co13-2127  1 0.5647 0.4353 
   Co13-2128  1 0.5539 0.4461 
   Co13-2129  1 0.4838 0.5162 
   Co13-2130  1 0.4312 0.5688 
   Co13-2131  1 0.5592 0.4408 
   Co13-2132  1 0.5468 0.4532 
   Co13-2133  1 0.4501 0.5499 
   Co13-2134  1 0.5185 0.4815 
   Co13-2135  1 0.5596 0.4404 
   Co13-2136  1 0.5467 0.4533 
   Co13-2137  1 0.5211 0.4789 
   Co13-2139  1 0.5339 0.4661 
   Co13-2140  1 0.5510 0.4490 
   Co13-2141  1 0.4045 0.5955 
   Co13-2142  1 0.5183 0.4817 
   Co13-2143  1 0.4399 0.5601 
   Co13-2144  1 0.5345 0.4655 
   Co13-2145  1 0.4946 0.5054 
   Co13-2146  1 0.5008 0.4992 
   Co13-2147  1 0.4486 0.5514 
   Co13-2149  1 0.5345 0.4655 
   Co13-2150  1 0.4482 0.5518 
   Co13-2184  1 0.5985 0.4015 
    Co13-Tg1  1 0.4751 0.5249 
     Co17-01  1 0.4632 0.5368 
     Co17-02  1 0.4384 0.5616 
     Co17-03  1 0.4507 0.5493 
     Co17-04  1 0.5143 0.4857 
     Co17-05  1 0.4754 0.5246 
     Co17-06  1 0.4402 0.5598 
     Co17-07  1 0.5002 0.4998 
     Co17-08  1 0.4219 0.5781 
     Co17-09  1 0.5077 0.4923 
     Co17-10  1 0.4872 0.5128 
     Co17-11  1 0.4232 0.5768 
     Co17-12  1 0.5853 0.4147 
     Co17-13  1 0.5092 0.4908 
     Co17-14  1 0.5510 0.4490 
     Co17-15  1 0.4755 0.5245 
     Co17-16  1 0.5153 0.4847 
     Co17-17  1 0.4701 0.5299 
     Co17-18  1 0.4765 0.5235 
     Co17-19  1 0.5171 0.4829 
     Co17-20  1 0.4883 0.5117 
     Co17-21  1 0.5122 0.4878 
     Co17-22  1 0.4895 0.5105 
     Co17-23  1 0.5609 0.4391 
     Co17-24  1 0.5082 0.4918 
     Co17-25  1 0.4602 0.5398 
     Co17-26  1 0.4811 0.5189 
     Co17-27  1 0.4804 0.5196 
     Co17-28  1 0.5723 0.4277 
     Co17-29  1 0.4606 0.5394 
     Co17-30  1 0.5472 0.4528 
     Co17-31  1 0.5111 0.4889 
     Co17-32  1 0.5761 0.4239 
     Co17-34  1 0.5107 0.4893 
     Co17-35  1 0.5562 0.4438 
     Co17-36  1 0.5990 0.4010 
     Co17-37  1 0.4373 0.5627 
     Co17-38  1 0.5053 0.4947 
     Co17-39  1 0.4861 0.5139 
     Co17-40  1 0.5843 0.4157 
     Co17-41  1 0.5276 0.4724 
     Co17-43  1 0.5079 0.4921 
     Co17-46  1 0.5038 0.4962 
     Co17-47  1 0.5239 0.4761 
     Co17-48  1 0.5132 0.4868 
     Co17-49  1 0.4732 0.5268 
     Co17-50  1 0.5590 0.4410 
     Co17-51  1 0.4387 0.5613 
     Co17-52  1 0.5210 0.4790 
     Co17-53  1 0.5120 0.4880 
     Co17-54  1 0.5294 0.4706 
     Co17-55  1 0.4587 0.5413 
     Co17-56  1 0.4510 0.5490 
     Co17-57  1 0.4936 0.5064 
     Co17-58  1 0.5646 0.4354 
     Co17-60  1 0.4320 0.5680 
     Co17-62  1 0.4781 0.5219 
     Co17-65  1 0.4118 0.5882 
     Co17-67  1 0.5462 0.4538 
     Co17-68  1 0.5164 0.4836 
     Co17-69  1 0.5535 0.4465 
     Co17-70  1 0.4595 0.5405 
     Co17-73  1 0.4816 0.5184 
     Co17-74  1 0.5243 0.4757 
     Co17-75  1 0.5034 0.4966 
     Co17-76  1 0.5437 0.4563 
     Co17-77  1 0.5084 0.4916 
     Co17-78  1 0.3910 0.6090 
     Co17-79  1 0.4916 0.5084 
     Co17-80  1 0.3985 0.6015 
     Co17-82  1 0.4812 0.5188 
