-806846908
-1569740542
1599124806
1698668151
246246680
36963792
782322487
170921991
-1986829791
-612359174
-1537966941
1097096540
-184605529
-754974066
1230805207
1444226393
-732532590
-23966550
425486900
-2057729420
-384427528
-135741640
-2131637477
593740885
183189419
1930964585
1974146107
510356278
-203314674
229484697
373279900
1435714623
1926968659
1141640148
-342900241
1184546037
-652023512
400641408
180041833
1231581442
114089193
-2136247310
40751050
-353469254
-1498023516
-1572461871
-219686866
-1884481698
-459160799
333718279
-4117032
185769192
498376268
270508045
114672623
-1563540747
-1541613148
1987137236
-1632507604
2073070028
-591237152
1532233060
-2012651406
-1740335621
67728326
-1763412536
1835451951
1416448151
-1978769297
-210483618
639565993
-1685709452
3935741
1154714771
-442584050
1363984453
-514884436
197571253
528881755
1034938806
1147877437
-346156918
-1530560865
1633568940
-1078726128
-1360165203
1652067596
501919234
-297902902
131464541
1614697406
2008326725
801647208
-660735766
-1944702041
1136456892
-429321160
350252178
31
