0.4447522 5.353112
0.4476511 5.551442
0.4573779 5.915165
0.4576529 5.343865
0.4634245 5.77231
0.4657315 4.964172
0.4671427 4.48748
0.4749688 6.453286
0.4785363 4.318126
0.4795614 4.992452
0.4821842 4.681244
0.4878749 4.633372
0.4888341 5.62898
0.4922184 4.688412
0.4928965 4.814565
0.4929146 5.442545
0.4935911 6.334104
0.4951441 4.528444
0.5020372 4.418874
0.5036152 5.172232
0.5036395 3.983451
0.5063766 6.087869
0.5102435 6.705929
0.5105858 3.473282
0.5118378 4.628065
0.5126821 5.022017
0.5132293 5.442545
0.5143553 6.988205
0.5163438 3.654928
0.516476 3.735362
0.5168963 6.441218
0.5178051 4.865571
0.5186899 5.378624
0.5187644 4.608507
0.5188625 4.27869
0.5206217 5.226809
0.5224222 3.950311
0.5232502 4.840393
0.5237137 4.356691
0.5249039 4.630853
0.5252336 5.35883
0.5261351 5.007303
0.5263814 5.442545
0.5275682 4.968808
0.5277585 5.988872
0.5337666 6.213975
0.5351376 3.342567
0.5367129 5.702688
0.5370815 3.784892
0.5371523 5.165136
0.5371823 3.757205
0.5387811 5.484464
0.5399651 4.93509
0.5401519 3.314911
0.5408405 5.016892
0.5419613 5.489079
0.5423004 3.944499
0.5423379 3.844223
0.5425953 4.585472
0.543502 3.933826
0.5436055 4.064989
0.5456255 5.144447
0.5464874 4.95927
0.5472253 5.442545
0.5476578 6.385577
0.5487895 4.889878
0.5491855 3.208645
0.5504371 5.821782
0.5505301 6.136181
0.5506828 5.355411
0.5512733 4.083364
0.5527383 5.228703
0.5530447 5.10478
0.557691 6.175074
0.5579781 4.914535
0.5587385 4.935629
0.5591578 5.22349
0.561386 3.659671
0.5618235 5.442545
0.5636598 3.109351
0.5667671 5.421314
0.5671771 5.381145
0.5673164 3.208645
0.568733 4.464091
0.5699569 4.882243
0.5710963 4.641854
0.5719393 5.329925
0.5725452 6.100744
0.5726468 3.511806
0.5727443 3.951042
0.5744143 4.527375
0.5745862 6.191834
0.5746749 4.518495
0.5764684 4.446071
0.5768042 4.766211
0.5770542 3.415505
0.5773866 4.832038
0.5792062 4.722299
0.5797432 4.243806
0.5799857 4.455707
0.5801043 4.430397
0.5802678 5.615791
0.5813469 3.363815
0.5831929 4.585543
0.5837571 3.347012
0.5839724 5.786944
0.5848545 3.558242
0.5867395 4.340338
0.586772 3.747775
0.5871733 3.208645
0.5878453 4.998467
0.5893875 6.21337
0.5919128 3.82949
0.5932948 5.150281
0.5936308 4.829281
0.593743 4.352114
0.5977475 3.738422
0.598412 2.640906
0.5985006 4.88284
0.5988757 5.305384
0.600041 3.318554
0.6000738 3.336875
0.6001981 6.207558
0.6002487 4.355905
0.6007487 5.82922
0.6016221 2.830572
0.6019546 3.00786
0.6063243 2.989318
0.6076658 4.351289
0.6091592 3.448988
0.61006 4.738108
0.6124076 4.196688
0.6127777 3.822869
0.6129519 3.499493
0.6132094 4.19352
0.6140873 3.741608
0.6141933 6.224523
0.6145999 4.192359
0.6153555 4.462154
0.6161464 4.253442
0.6172577 3.880472
0.6183814 4.885051
0.6187262 4.196082
0.6191828 5.442545
0.6192291 5.434455
0.620064 4.341867
0.6214095 3.418214
0.6217408 4.197095
0.6229693 5.702714
0.6233484 5.086088
0.6234534 5.113087
0.6241614 5.73171
0.6243707 5.703012
0.6247603 3.142006
0.6261144 3.082651
0.62641 4.210451
0.6268702 6.273867
0.6279949 3.754589
0.6287219 4.745985
0.6293417 4.205793
0.6305941 3.208645
0.6315074 2.869429
0.633093 3.316673
0.6333802 3.297634
0.6337213 4.229935
0.6337769 4.30769
0.6339064 5.399509
0.6355291 5.884872
0.6359122 4.642481
0.638716 4.474853
0.639314 4.51683
0.6418286 3.318494
0.643205 3.18798
0.645675 4.160128
0.6472054 3.116794
0.6473694 3.205637
0.6474835 3.816539
0.647748 3.241139
0.6491533 3.727573
0.6501069 5.549324
0.6516794 3.01252
0.6517584 5.295931
0.653411 4.583312
0.6552917 3.278089
0.6556452 3.635968
0.6557597 4.478978
0.6563219 3.696254
0.6570111 4.119924
0.6587784 4.862997
0.6592093 4.459447
0.6600172 4.813554
0.6608165 3.208645
0.6615479 3.09636
0.6633514 3.421408
0.6639909 4.298646
0.6661245 3.14904
0.6677197 3.902846
0.6688195 5.01986
0.6717116 5.057115
0.6728961 2.6201
0.6755388 4.750465
0.6758284 4.666466
0.6764305 5.508896
0.6767159 5.210882
0.6786248 4.854421
0.6793794 3.426374
0.6802423 4.83718
0.6816611 3.900655
0.6831185 3.2699
0.6831892 2.828425
0.6846656 4.81531
0.68641 5.672437
0.6872053 3.577161
0.688338 3.25876
0.6894739 4.945987
0.6897573 4.760241
0.6917814 3.293759
0.6918405 3.479971
0.6927295 3.083043
0.6943136 4.476297
0.6958027 3.385547
0.6970888 5.602314
0.6978471 3.874822
0.7005766 4.209372
0.7008911 5.545971
0.7010101 2.470076
0.7072802 4.708611
0.7133246 4.701563
0.7150797 4.021536
0.7154345 2.993027
0.7157705 5.215318
0.7168178 3.45967
0.7182281 3.773889
0.720639 4.066978
0.7258666 3.803107
0.7267395 3.208645
0.7295982 4.011268
0.7308473 4.237108
0.731127 2.686418
0.7321485 4.043662
0.7339498 4.834621
0.7350857 3.798262
0.7380172 3.565787
0.7382231 4.112904
0.7447778 3.57029
0.7462683 3.903422
0.7476662 3.553434
0.7589113 3.610195
0.7598508 3.652021
0.7654506 3.958503
# initCovFnParam= 0.307558231700262 4.32963047578828 4
