0.4351595 5.338877
0.4514542 6.078343
0.4570223 4.595744
0.4643782 6.059416
0.4683272 4.920598
0.46903 6.299021
0.4944155 5.300757
0.4949001 4.741094
0.4964954 4.214948
0.4997689 4.023229
0.5008073 4.493602
0.5010143 4.236505
0.5017521 4.600374
0.5026326 6.6476
0.5031003 6.993134
0.5047144 3.991828
0.5059345 4.883235
0.5068344 5.211098
0.5068925 4.03942
0.5079946 3.398864
0.5080889 4.425318
0.5108113 5.144201
0.5121443 5.486039
0.512208 3.481216
0.5164813 3.779176
0.522894 3.598404
0.5230686 3.983203
0.5244749 4.50057
0.5246472 4.501489
0.5247145 4.995415
0.5263609 5.278003
0.5265677 4.288135
0.5278522 4.479781
0.5279062 3.568026
0.528207 5.166028
0.5293743 4.038415
0.5308841 6.061949
0.5323923 5.122134
0.5331175 3.501973
0.533223 4.005939
0.5341658 4.498596
0.5346738 6.416144
0.537058 5.776218
0.5396273 4.480725
0.5420738 3.505317
0.5429306 5.568521
0.5433128 3.00214
0.543314 5.274699
0.5433454 4.085268
0.5440998 3.580038
0.5443813 4.333467
0.5450518 4.174201
0.5469077 4.733064
0.5483006 3.63895
0.5489248 4.693035
0.5516463 3.60246
0.5524022 6.708633
0.5525661 3.697192
0.5553708 5.51978
0.5575114 4.222577
0.5586019 4.657645
0.5612043 4.081208
0.5628175 3.116085
0.563262 5.570978
0.5636896 5.350028
0.5638345 4.886174
0.5657529 6.063957
0.5661435 5.586191
0.5680719 5.147597
0.5709443 6.288055
0.5712041 3.485657
0.5724801 4.478769
0.5727349 5.647013
0.5733012 5.506598
0.574183 3.545988
0.5760538 5.125332
0.578331 4.5163
0.5786932 4.384696
0.5787557 3.768224
0.5789941 5.441325
0.5803026 3.901673
0.5809031 3.87748
0.5841914 5.441325
0.5846735 5.441325
0.5849919 5.621499
0.5850179 4.717815
0.5851727 6.096053
0.5856567 3.193655
0.5881409 4.483562
0.5887831 6.013291
0.5893461 4.871994
0.5895296 5.536423
0.5897109 4.503592
0.5904472 3.433407
0.5906992 4.470489
0.5913639 5.217844
0.5914494 3.432569
0.5919025 5.441325
0.5935753 4.804733
0.5937486 4.395529
0.5942848 5.441325
0.5963285 3.891168
0.5964327 6.353577
0.5966062 3.196419
0.5970692 5.15981
0.5993308 5.98672
0.602369 5.441325
0.6031758 3.416553
0.6038314 5.350749
0.6050229 3.915479
0.6060891 5.38756
0.6060923 4.112722
0.6065463 4.07286
0.6069261 4.14032
0.6084736 4.066113
0.6091908 4.410868
0.6092327 4.393002
0.6096597 5.721166
0.6100702 4.204742
0.6110863 5.661125
0.6123132 6.028346
0.6123726 4.075942
0.6147126 3.876501
0.6149956 4.199928
0.6153148 5.564933
0.6153375 5.409831
0.6161039 2.715391
0.6161384 3.993742
0.61644 4.208536
0.6164669 4.276586
0.6172344 3.074406
0.6173674 6.082241
0.6177331 4.387804
0.6178208 4.671307
0.6185554 4.505699
0.6186763 3.539132
0.6203286 4.10158
0.6211475 5.259609
0.6214462 4.403088
0.6214912 4.373723
0.6222572 5.16021
0.6225922 5.008499
0.6237087 2.77002
0.623749 5.217741
0.6237612 4.047144
0.6244817 4.325677
0.6268607 3.908718
0.627576 3.350212
0.6281976 2.964949
0.6284234 4.174889
0.6306805 4.178568
0.6314414 4.371691
0.6324627 3.77117
0.6325234 3.904172
0.6332198 4.189221
0.6336263 4.17876
0.6339456 3.964378
0.6347437 5.520949
0.6349989 4.063211
0.6351565 5.34964
0.6353727 3.923559
0.6361239 4.186157
0.6364863 4.07466
0.6373166 5.279221
0.6375448 4.41102
0.6387871 5.796123
0.6395145 3.410975
0.6416832 4.18819
0.6418227 3.892832
0.6425458 3.189663
0.6429121 4.274072
0.6436168 3.898906
0.6437152 3.699302
0.6440527 4.357707
0.6446432 5.582333
0.6458642 4.044922
0.6477324 3.272449
0.6484076 5.355746
0.6485399 5.300395
0.6497705 5.998015
0.6498523 3.853823
0.6501326 3.650086
0.6506752 5.263954
0.6543262 2.457402
0.6547289 3.837101
0.656573 5.769753
0.6587213 3.189663
0.6612903 3.186396
0.6614155 4.324701
0.6614749 3.093162
0.6615099 3.189663
0.6618575 3.189663
0.6619762 4.435659
0.662387 5.103221
0.6639558 4.714695
0.6663763 3.745052
0.667105 3.981003
0.6679911 4.261545
0.6680764 3.991251
0.6697723 3.189663
0.6698848 3.663274
0.6714863 3.189663
0.673232 4.706696
0.6738732 5.357848
0.6740934 4.883203
0.6744153 2.714183
0.6761812 4.096039
0.6778562 4.347497
0.6783208 5.153402
0.680016 2.733317
0.684564 2.500683
0.684668 3.026118
0.6848743 3.770778
0.6879726 4.029876
0.6887514 4.688347
0.6889867 5.111893
0.6895264 4.990014
0.6896983 4.461594
0.6906466 4.210365
0.6929137 4.29032
0.693002 3.432812
0.6933851 3.50575
0.6952959 4.041579
0.6965097 4.826119
0.6986353 4.006606
0.6995931 4.359054
0.7010114 4.593342
0.7021233 2.403651
0.7036187 4.118901
0.7041127 3.873348
0.7088044 3.673407
0.7093885 3.748158
0.7111753 2.67618
0.7147697 2.608895
0.7150486 4.203926
0.7218559 3.993525
0.7238254 3.484149
0.7258559 3.789887
0.7270844 3.975231
0.7295243 3.130181
0.7328842 3.869106
0.7356511 3.461096
0.7368788 4.12784
0.7385013 4.072935
0.7402659 3.679741
0.7435844 4.776157
0.7437585 3.781552
0.7458121 3.39018
0.7462893 3.656639
0.7482014 3.61635
# initCovFnParam= 0.34278139807683 4.19873708205786 4
