8746823 
2 
4 
5.09E+03 3.70E+03 3.42E+03 4.59E+03 5.01E+03 7.26E+03 3.75E+03 5.29E+03 4.51E+03 5.50E+03 5.05E+03 
1.01E+04 6.66E+03 8.93E+03 5.46E+03 4.69E+03 5.25E+03 7.48E+03 7.63E+03 6.12E+03 9.37E+03 1.01E+04 
7.43E-04 3.67E-04 5.76E-04 1.19E-03 4.10E-04 2.84E-04 3.70E-04 9.81E-04 9.27E-04 7.09E-04 6.70E-04 
1.45E+04 1.96E+04 1.45E+04 9.04E+03 9.62E+03 1.53E+04 1.11E+04 1.66E+04 1.68E+04 1.87E+04 1.29E+04 
0 0 0 0 
3.67 3.3 
3.82 3.3 
-3.3 1 
4.08 3.6 
3.67 3.3 0 0.5
3.82 3.3 0 0.5
-3.3 1 0 0.5
4.08 3.6 0 0.5
1 
10000 
10000