2068054958
707046407
2048112413
1230336926
1638155439
-1625277821
1298384180
507926284
109960136
-611254939
721657225
780884395
-828174748
1986356227
1587847181
-931212093
-613172468
-548758250
-1864939362
321747153
1283441062
1176653862
-1376574008
-1722808136
-1965922165
1850561327
186600455
-1444477614
746412769
371768779
1164967233
1737235404
-1877909820
-836402218
-1733288606
-914124341
-1445107750
118787473
746414847
-320248809
-1569007526
290816351
1055126203
964934576
1865380069
-37808366
-1892783426
878994208
-1031777659
-547334251
603772204
591011631
774436968
2117387626
-1156660399
300691407
955802363
824386680
1221485600
1887289343
1611376870
1359719102
-1630769847
2043241896
396299108
-1624979964
150797656
-1378146712
1940841211
2140975924
1097339259
1475711269
-305496878
-1433891171
1464726598
-385423136
-224047774
825616794
874858712
1657907045
362929842
-353112413
-156978057
-1968095567
1456912138
226766045
-1141312417
1805727848
-1741007157
1573365844
-1221387764
635882378
1500707036
1578519282
-52930938
271812328
1260352106
1326720780
7
