scenario      Ne            t             Na          µmic_1        pmic_1       snimic_1      NAL_1_1       HET_1_1       VAR_1_1       MGW_1_1    
  1            3441         11875          4727    8.026e-004    2.889e-001    3.415e-007      8.750000      0.716009      3.944421      0.979021
  1            1812          8974          8647    7.761e-004    1.678e-001    1.774e-007      8.125000      0.754758      4.717369      0.928571
  1            3876          6997          3695    4.785e-004    1.415e-001    4.276e-007      8.250000      0.660697      5.482064      0.956522
  1            3219          6325         13241    6.215e-004    1.969e-001    3.155e-008      8.500000      0.765297     13.953905      0.814371
  1            2253         12276         11178    7.769e-004    1.484e-001    6.483e-007      6.125000      0.735291      1.402344      1.042553
  1            4542          4677          5096    3.646e-004    2.961e-001    4.134e-007      7.000000      0.655862      3.528672      0.965517
  1            2749          5949          9241    3.403e-004    1.649e-001    8.816e-007      6.250000      0.705739      9.513718      0.714286
  1            5017          2754          6643    1.527e-004    2.376e-001    2.602e-006      6.125000      0.603818      1.454040      1.000000
  1            4421          9629         10683    9.772e-004    1.200e-001    3.215e-007      7.750000      0.734626      4.022003      1.008130
  1            5011         15866          8670    4.193e-004    2.386e-001    4.773e-007      7.125000      0.685920      2.865900      0.876923
  1            4166          7910         11050    3.624e-004    1.470e-001    8.511e-008      8.125000      0.741552      6.801932      0.866667
  1            5176          7059          8773    8.572e-004    2.403e-001    1.738e-007      8.500000      0.793213      8.599890      0.877419
  1            4549          6667         11872    8.415e-004    1.021e-001    9.904e-006     11.250000      0.797822      3.958169      1.216216
  1            3984          6068         20077    2.989e-004    2.701e-001    2.845e-008      9.000000      0.694029     16.799566      0.778378
  1            5470          9624         15905    9.047e-004    2.960e-001    6.173e-006     13.500000      0.835357     17.603121      1.033493
  1            3109         13250          2617    1.962e-004    1.430e-001    3.908e-007      6.250000      0.596963      2.478006      0.980392
  1            4279          8299         11541    7.302e-004    1.411e-001    8.432e-006      7.750000      0.684103      4.303377      1.087719
  1            2758         13882         11171    1.486e-004    2.695e-001    2.744e-006      4.250000      0.452442      2.432118      0.790698
  1            3210          6767         11950    3.426e-004    1.005e-001    1.098e-006      6.375000      0.651231      1.678220      1.020000
  1            3931         19365         13394    1.025e-004    2.410e-001    9.594e-006      5.125000      0.470538      1.063171      1.064935
  1            3728         13431          2975    6.223e-004    2.315e-001    6.116e-007      8.875000      0.775349      4.862029      0.904459
  1            4544          8935         10841    3.716e-004    1.385e-001    4.317e-007      7.500000      0.690445      2.813279      0.952381
  1            3604         16532         16311    4.789e-004    2.034e-001    8.810e-006      8.750000      0.738212      7.478616      0.945946
  1            3760          2769          6523    3.225e-004    2.341e-001    6.741e-007      6.625000      0.675971      3.669972      0.868852
  1            3810         18720          7631    5.991e-004    2.223e-001    4.058e-007      8.625000      0.728058      4.743042      0.920000
  1            4254         13143          6096    1.269e-004    1.731e-001    2.431e-006      5.500000      0.499068      0.546593      1.113924
  1            4458          5187         12135    3.094e-004    1.287e-001    1.431e-007      6.375000      0.626385      2.262504      0.971429
  1            4827          6052          4704    8.601e-004    2.710e-001    1.375e-008     11.250000      0.808420      7.207209      0.882353
  1             631          7577         24366    8.060e-004    1.299e-001    5.526e-007      4.875000      0.515301      0.734306      0.951219
  1            2281          9948         11646    9.367e-004    1.675e-001    1.580e-008      6.875000      0.595405      2.424926      0.887097
  1            4355         12790           650    8.358e-004    2.844e-001    3.009e-007     11.500000      0.823329      9.911838      0.844037
  1            3407          2546         11915    9.279e-004    1.040e-001    9.538e-006     11.375000      0.788568      6.595793      1.034091
  1            4303         10991          4112    6.843e-004    1.326e-001    6.502e-006     11.500000      0.762455      5.221597      1.179487
  1            1550         11810          5682    8.866e-004    1.953e-001    1.583e-007      6.750000      0.576886      1.877244      0.857143
  1            1598          9478         17235    7.220e-004    2.210e-001    3.553e-006      8.625000      0.753125      4.619556      0.890323
  1            1926          6244         17004    1.477e-004    2.980e-001    1.887e-006      3.500000      0.332452      0.936615      0.736842
  1            4035         11071          8849    1.029e-004    2.141e-001    2.110e-008      4.500000      0.484593      0.950125      0.847059
  1            2113          7621          4946    1.906e-004    2.342e-001    3.776e-007      4.500000      0.421505      1.248602      0.837209
  1            3922         12311          5611    1.387e-004    2.119e-001    4.342e-007      5.625000      0.642787      1.297831      1.011236
  1            5400          4990          7350    9.246e-004    1.941e-001    5.311e-007     12.500000      0.843592     10.757017      0.995025
  1            3484         12629          3351    3.484e-004    2.134e-001    3.208e-006      6.000000      0.643050      1.437103      1.000000
  1            2671         16639         10271    3.626e-004    1.499e-001    2.953e-008      4.625000      0.446141      1.559058      0.891566
  1            4853         10499          8097    7.392e-004    2.702e-001    5.879e-008     10.125000      0.798015      6.806292      0.875676
  1            3912         12959          8052    9.408e-004    2.352e-001    3.146e-006     10.125000      0.796417      7.655051      0.931035
  1            2447          7502         21022    9.512e-004    1.488e-001    1.671e-006      6.750000      0.679275      3.794363      0.931035
  1            4308         18027         10902    2.423e-004    2.829e-001    3.387e-007      6.375000      0.617292      1.796640      0.980769
  1            2711          5577         19647    5.936e-004    2.077e-001    1.297e-006      8.250000      0.749810     10.458989      0.745763
  1            3489         15197          8448    3.903e-004    1.158e-001    3.120e-008      6.125000      0.675598      2.027973      0.942308
  1            2099          8439          1331    5.817e-004    1.316e-001    1.534e-008      7.375000      0.736604      4.566589      0.907692
  1            2381         10183          9208    2.859e-004    1.262e-001    1.356e-008      5.875000      0.500321      1.007770      1.021739
  1            3916          8431         13751    3.891e-004    2.380e-001    1.231e-006      8.375000      0.746477      7.424041      0.971014
  1            2129         16983          3572    7.155e-004    1.533e-001    7.128e-006      7.375000      0.701020      3.826377      1.035088
  1            5842         14985          8878    6.399e-004    1.445e-001    2.623e-007     10.125000      0.795693      9.687139      0.848168
  1            4342           981          7340    4.024e-004    1.777e-001    1.808e-008      9.375000      0.777034      7.978789      0.882353
  1            4156          7547          1454    9.473e-004    2.834e-001    4.745e-007     11.500000      0.807757      9.069155      1.010989
  1            5810         13943         12834    2.739e-004    1.870e-001    1.017e-008      7.125000      0.657616      4.464242      0.904762
  1            3161         11175         13684    7.719e-004    1.067e-001    3.693e-007      7.250000      0.731855      5.442176      0.928000
  1            3439         11187          5456    4.935e-004    1.763e-001    6.224e-008      6.750000      0.637285      3.307819      0.870968
  1            3208          2971          9303    2.685e-004    1.881e-001    1.225e-008      5.875000      0.652000      2.893114      0.903846
  1            4183         11742         16917    4.578e-004    2.334e-001    1.529e-008      9.875000      0.771204      6.135231      1.082192
  1            2993         13545          2889    2.978e-004    2.708e-001    1.708e-008      6.500000      0.577166      1.350964      0.852459
  1            2456         12768          3318    1.816e-004    2.089e-001    6.592e-007      4.125000      0.446096      0.606106      0.970588
  1            3754         15437         10618    3.505e-004    1.423e-001    1.263e-008      7.875000      0.693877      3.804038      0.940298
  1            4664          4854         10840    2.656e-004    2.111e-001    3.888e-007      7.500000      0.623276      4.652353      0.800000
  1            2343         11561         14574    7.475e-004    2.771e-001    2.935e-007      8.750000      0.730018      3.746321      1.000000
  1            2886          8842          9555    9.564e-004    2.124e-001    2.893e-006      9.750000      0.805060      8.736729      0.951219
  1            2648          1079          2044    7.953e-004    1.763e-001    3.126e-007      7.250000      0.746242      3.643167      0.935484
  1            4644         13518          4990    7.005e-004    2.716e-001    1.192e-006     10.375000      0.754482      6.078853      0.954023
  1            2641          4793         11077    5.669e-004    1.822e-001    1.057e-006      7.875000      0.727077      4.060678      0.812903
  1            3493         16088          4992    7.363e-004    1.901e-001    6.632e-008      8.125000      0.743964      4.163463      0.970149
  1            4731         12040         10752    7.551e-004    1.074e-001    3.467e-007     11.000000      0.820804      8.625360      0.936170
  1            1481          9613          1467    7.504e-004    2.233e-001    1.967e-008      6.750000      0.602878      2.897860      0.947368
  1            3611          6545          3454    4.150e-004    1.325e-001    6.899e-006      7.250000      0.645713      3.139248      0.943089
  1            3758          6814         14847    9.802e-004    1.535e-001    5.390e-007     10.500000      0.794895      9.152945      0.908108
  1            3406         10552          4898    2.216e-004    1.323e-001    4.119e-006      4.875000      0.541327      3.142971      0.829787
  1             556         12352          7101    1.689e-004    1.809e-001    2.518e-006      3.250000      0.401955      0.431530      0.945455
  1            4634         12854          8216    4.142e-004    2.672e-001    6.115e-008     10.625000      0.673134     10.192084      0.867347
  1            3052         10359         11279    7.234e-004    1.092e-001    2.936e-008      7.750000      0.693053      6.267242      0.961240
  1            1766          7121          5995    8.115e-004    1.278e-001    1.214e-007      7.375000      0.661274      2.934820      0.936508
  1            4501          4539          9592    3.169e-004    1.872e-001    3.576e-007      6.875000      0.695483      2.904755      1.009174
  1            3901         12190          9544    4.446e-004    1.129e-001    1.183e-008      6.500000      0.659998      2.213232      0.981132
  1            2831         10323          3112    6.398e-004    2.407e-001    2.352e-007      8.500000      0.703904     10.644279      0.768362
  1            2041         10450         18014    1.285e-004    2.517e-001    8.360e-007      3.500000      0.341533      1.034643      0.767123
  1            3930          8784          9744    4.093e-004    2.026e-001    3.590e-008      7.750000      0.708481      4.035665      0.905109
  1            2365         13190         11685    2.577e-004    1.557e-001    1.432e-008      6.750000      0.572782      4.021466      0.892562
  1            4172          5962         10443    4.547e-004    2.913e-001    4.373e-006     10.375000      0.692132      8.395516      1.037500
  1            3285         12308         12084    4.840e-004    1.735e-001    1.739e-006      5.875000      0.673177      1.918947      1.021739
  1            3089          7312         12211    4.276e-004    1.583e-001    8.219e-008      7.125000      0.679173      3.547805      0.934426
  1            2823         18218          5151    8.917e-004    2.730e-001    3.247e-008     12.000000      0.792872      9.771568      0.932039
  1            3604         12211           609    2.046e-004    1.188e-001    2.755e-006      5.375000      0.557505      1.400200      1.075000
  1            2845         16142          6068    9.585e-004    2.497e-001    1.013e-008     10.125000      0.806195      6.480060      0.931035
  1            4662          4641          7799    3.670e-004    1.415e-001    1.941e-007      7.625000      0.674128      3.919704      0.983871
  1            2992          2164          6843    8.093e-004    1.602e-001    1.216e-008      7.250000      0.737256      5.205803      0.920635
  1            4368          4914          1760    6.212e-004    2.304e-001    1.122e-006      6.375000      0.618052      1.559841      1.000000
  1            2760          8450          1225    1.087e-004    2.729e-001    1.338e-007      3.875000      0.426747      2.403195      0.784810
  1            3293          4779         10800    9.359e-004    2.308e-001    3.288e-006     10.750000      0.767050     24.992100      0.830918
  1            2225         12306          9340    5.586e-004    2.203e-001    8.247e-006      7.000000      0.591466      3.565814      0.903226
  1            3548         10445          7591    1.171e-004    1.446e-001    3.373e-008      3.375000      0.345957      0.587196      0.900000
  1            4431         16224          7102    2.075e-004    2.525e-001    2.122e-008      6.625000      0.617979      5.063070      0.868852
  1            2039         16382         15516    5.769e-004    1.990e-001    1.111e-008      7.250000      0.680845      2.977449      0.920635
