   Co09-CO13  1 0.4735 0.5265 
   Co09-SC01  1 0.5054 0.4946 
   Co09-SC02  1 0.4401 0.5599 
   Co09-SC03  1 0.4990 0.5010 
   Co09-SC04  1 0.5291 0.4709 
   Co09-SC05  1 0.5710 0.4290 
   Co09-SC06  1 0.4468 0.5532 
   Co09-SC07  1 0.5987 0.4013 
   Co09-SC08  1 0.5376 0.4624 
   Co09-SC10  1 0.4841 0.5159 
   Co09-SC11  1 0.4429 0.5571 
   Co09-SC12  1 0.5082 0.4918 
   Co09-SC14  1 0.4855 0.5145 
   Co09-SC15  1 0.5831 0.4169 
   Co09-SC16  1 0.4281 0.5719 
   Co09-SC18  1 0.5293 0.4707 
   Co09-SC19  1 0.4554 0.5446 
   Co09-SC20  1 0.4788 0.5212 
   Co09-SC21  1 0.5059 0.4941 
   Co09-SC23  1 0.4713 0.5287 
   Co09-SC24  1 0.5109 0.4891 
   Co09-SC25  1 0.5060 0.4940 
   Co09-SC27  1 0.4248 0.5752 
   Co09-SC28  1 0.4633 0.5367 
   Co09-SC29  1 0.4080 0.5920 
   Co09-SC30  1 0.5834 0.4166 
   Co09-SC31  1 0.4855 0.5145 
   Co09-SF05  1 0.4980 0.5020 
   Co09-SF08  1 0.4555 0.5445 
   Co09-SF12  1 0.5210 0.4790 
   Co09-SF13  1 0.4735 0.5265 
   Co09-SF15  1 0.5121 0.4879 
   Co09-SF16  1 0.5147 0.4853 
   Co09-SF20  1 0.5082 0.4918 
   Co09-SF21  1 0.4960 0.5040 
   Co09-SF22  1 0.4150 0.5850 
   Co09-SF24  1 0.5443 0.4557 
   Co09-SF25  1 0.5556 0.4444 
   Co09-SF27  1 0.5501 0.4499 
   Co09-SF28  1 0.5330 0.4670 
   Co09-SF29  1 0.5214 0.4786 
   Co09-SF30  1 0.4941 0.5059 
  Co09-SF301  1 0.5073 0.4927 
  Co09-SF302  1 0.4884 0.5116 
  Co09-SF303  1 0.5054 0.4946 
  Co09-SF304  1 0.4952 0.5048 
  Co09-SF307  1 0.5527 0.4473 
  Co09-SF308  1 0.4738 0.5262 
  Co09-SF309  1 0.4664 0.5336 
  Co09-SF310  1 0.5123 0.4877 
  Co09-SF311  1 0.5106 0.4894 
  Co09-SF324  1 0.5083 0.4917 
  Co09-SF328  1 0.5623 0.4377 
  Co09-SF331  1 0.4260 0.5740 
  Co09-SF335  1 0.4385 0.5615 
  Co09-SF341  1 0.4372 0.5628 
  Co09-SF349  1 0.5432 0.4568 
   Co10-SF50  1 0.5252 0.4748 
   Co13-2082  1 0.5472 0.4528 
   Co13-2084  1 0.5245 0.4755 
   Co13-2085  1 0.4521 0.5479 
   Co13-2086  1 0.5477 0.4523 
   Co13-2087  1 0.5013 0.4987 
   Co13-2092  1 0.5032 0.4968 
   Co13-2093  1 0.5126 0.4874 
   Co13-2097  1 0.4652 0.5348 
   Co13-2098  1 0.5166 0.4834 
   Co13-2099  1 0.5464 0.4536 
   Co13-2100  1 0.4831 0.5169 
   Co13-2101  1 0.4518 0.5482 
   Co13-2102  1 0.6009 0.3991 
   Co13-2103  1 0.5466 0.4534 
   Co13-2104  1 0.5469 0.4531 
   Co13-2105  1 0.5017 0.4983 
   Co13-2106  1 0.4916 0.5084 
   Co13-2107  1 0.5458 0.4542 
   Co13-2108  1 0.5305 0.4695 
   Co13-2109  1 0.5110 0.4890 
   Co13-2110  1 0.5012 0.4988 
   Co13-2111  1 0.5291 0.4709 
   Co13-2112  1 0.5387 0.4613 
   Co13-2114  1 0.4864 0.5136 
   Co13-2115  1 0.5301 0.4699 
   Co13-2116  1 0.4382 0.5618 
   Co13-2117  1 0.4396 0.5604 
   Co13-2119  1 0.4586 0.5414 
   Co13-2120  1 0.4663 0.5337 
   Co13-2121  1 0.5064 0.4936 
   Co13-2122  1 0.4682 0.5318 
   Co13-2123  1 0.5509 0.4491 
   Co13-2124  1 0.5541 0.4459 
   Co13-2125  1 0.5553 0.4447 
   Co13-2126  1 0.4669 0.5331 
   Co13-2127  1 0.5562 0.4438 
   Co13-2128  1 0.5455 0.4545 
   Co13-2129  1 0.4691 0.5309 
   Co13-2130  1 0.4326 0.5674 
   Co13-2131  1 0.5628 0.4372 
   Co13-2132  1 0.5308 0.4692 
   Co13-2133  1 0.4492 0.5508 
   Co13-2134  1 0.5176 0.4824 
   Co13-2135  1 0.5588 0.4412 
   Co13-2136  1 0.5415 0.4585 
   Co13-2137  1 0.5175 0.4825 
   Co13-2139  1 0.5331 0.4669 
   Co13-2140  1 0.5516 0.4484 
   Co13-2141  1 0.4084 0.5916 
   Co13-2142  1 0.5187 0.4813 
   Co13-2143  1 0.4469 0.5531 
   Co13-2144  1 0.5408 0.4592 
   Co13-2145  1 0.4906 0.5094 
   Co13-2146  1 0.5030 0.4970 
   Co13-2147  1 0.4555 0.5445 
   Co13-2149  1 0.5368 0.4632 
   Co13-2150  1 0.4437 0.5563 
   Co13-2184  1 0.5837 0.4163 
    Co13-Tg1  1 0.4775 0.5225 
     Co17-01  1 0.4801 0.5199 
     Co17-02  1 0.4384 0.5616 
     Co17-03  1 0.4554 0.5446 
     Co17-04  1 0.5128 0.4872 
     Co17-05  1 0.4884 0.5116 
     Co17-06  1 0.4368 0.5632 
     Co17-07  1 0.5094 0.4906 
     Co17-08  1 0.4125 0.5875 
     Co17-09  1 0.5121 0.4879 
     Co17-10  1 0.4909 0.5091 
     Co17-11  1 0.4383 0.5617 
     Co17-12  1 0.5864 0.4136 
     Co17-13  1 0.4899 0.5101 
     Co17-14  1 0.5520 0.4480 
     Co17-15  1 0.4786 0.5214 
     Co17-16  1 0.4895 0.5105 
     Co17-17  1 0.4820 0.5180 
     Co17-18  1 0.4852 0.5148 
     Co17-19  1 0.5168 0.4832 
     Co17-20  1 0.4953 0.5047 
     Co17-21  1 0.5147 0.4853 
     Co17-22  1 0.4971 0.5029 
     Co17-23  1 0.5491 0.4509 
     Co17-24  1 0.5033 0.4967 
     Co17-25  1 0.4645 0.5355 
     Co17-26  1 0.4820 0.5180 
     Co17-27  1 0.4923 0.5077 
     Co17-28  1 0.5687 0.4313 
     Co17-29  1 0.4715 0.5285 
     Co17-30  1 0.5400 0.4600 
     Co17-31  1 0.5161 0.4839 
     Co17-32  1 0.5703 0.4297 
     Co17-34  1 0.5076 0.4924 
     Co17-35  1 0.5567 0.4433 
     Co17-36  1 0.5936 0.4064 
     Co17-37  1 0.4519 0.5481 
     Co17-38  1 0.5116 0.4884 
     Co17-39  1 0.5024 0.4976 
     Co17-40  1 0.5879 0.4121 
     Co17-41  1 0.5254 0.4746 
     Co17-43  1 0.5013 0.4987 
     Co17-46  1 0.5006 0.4994 
     Co17-47  1 0.5150 0.4850 
     Co17-48  1 0.5037 0.4963 
     Co17-49  1 0.4767 0.5233 
     Co17-50  1 0.5571 0.4429 
     Co17-51  1 0.4501 0.5499 
     Co17-52  1 0.5248 0.4752 
     Co17-53  1 0.5140 0.4860 
     Co17-54  1 0.5343 0.4657 
     Co17-55  1 0.4590 0.5410 
     Co17-56  1 0.4468 0.5532 
     Co17-57  1 0.4911 0.5089 
     Co17-58  1 0.5605 0.4395 
     Co17-60  1 0.4359 0.5641 
     Co17-62  1 0.4743 0.5257 
     Co17-65  1 0.4203 0.5797 
     Co17-67  1 0.5354 0.4646 
     Co17-68  1 0.5145 0.4855 
     Co17-69  1 0.5648 0.4352 
     Co17-70  1 0.4655 0.5345 
     Co17-73  1 0.4694 0.5306 
     Co17-74  1 0.5251 0.4749 
     Co17-75  1 0.5142 0.4858 
     Co17-76  1 0.5481 0.4519 
     Co17-77  1 0.5062 0.4938 
     Co17-78  1 0.4005 0.5995 
     Co17-79  1 0.4822 0.5178 
     Co17-80  1 0.4012 0.5988 
     Co17-82  1 0.4787 0.5213 
