2875776 
2 
4 
6.28E+03 7.06E+03 1.30E+03 7.16E+03 4.46E+03 4.45E+03 5.05E+03 7.24E+03 1.23E+03 8.06E+03 5.69E+03 
9.74E+03 5.78E+03 5.16E+03 2.58E+03 7.27E+03 6.33E+03 4.57E+03 3.11E+03 3.21E+03 4.25E+03 4.01E+03 
4.28E-05 4.57E-04 1.04E-03 4.27E-04 8.28E-05 9.07E-05 8.42E-04 3.40E-04 1.56E-04 2.00E-04 4.35E-04 
1.56E+04 1.15E+04 1.34E+04 8.09E+02 9.01E+03 1.32E+04 7.22E+03 1.38E+04 1.53E+04 1.14E+04 1.71E+04 
0 0 0 0 
3.67 3.3 
3.67 3.3 
-3.3 1 
4.08 3.6 
3.67 3.3 0 0.5
3.67 3.3 0 0.5
-3.3 1 0 0.5
4.08 3.6 0 0.5
1 
10000 
10000