276844209
-2032189199
-148625782
42341610
1811120076
1044198639
-416298422
633190561
-544390610
-599072625
1460157966
-895207793
-998924805
-1938470219
528682889
-251108493
-781696682
-947214949
-1621730129
2063470158
-2094481487
632648795
241530799
1681171702
108248608
-360974971
1996802613
-1194059972
-1025013543
-3694561
325435378
-510244107
1992297593
239107039
642479632
-517819671
438098180
-1194216321
-1452453981
2027912155
-1608070092
985696304
188127591
-1869903409
457243453
-254065343
350956445
-1917410174
-386408218
1420235035
-1782310638
1686175768
1745775706
1082400668
-1588735292
1805110485
1900341449
75415611
2058427370
474258834
-1763240510
647938439
-786385348
-683893411
-1318026366
377706629
-582680786
1356827175
341157989
-1840623500
116292555
-1116876925
682030510
-2096515267
-906141281
1384665495
-288922570
98111059
937480083
-665983157
628256831
375233248
-690617179
-1688279540
-786830027
1172294119
986428961
959168277
586408177
-286417815
-1255769109
-24895047
-880356241
722916653
368740167
198358998
-893165402
1669937587
91
