644090887
-735094993
-1973278911
-41472632
-743703965
2094538204
481515854
-1719107774
1356924303
700717106
-1943213359
1319085186
-1176899555
401473854
1482719795
-475322004
208031852
1345502324
1503075186
-324232210
385454782
1962771953
-802346259
108182347
174772467
-1238821547
-1263775080
1703916695
1006253913
1607909851
-521741405
-1506768293
-1025957430
1448328546
-1502612841
1864715543
1654529944
-277519346
638975265
-1780052084
-1822576185
-1334386685
1107464975
-1816487256
-1446317291
1304401701
354637894
2092712204
-1653928934
671379949
-576254863
1648236037
1580350264
-1796310414
-1995960509
1202045702
-46977231
-522958792
-186593681
734581252
1752808377
733596508
1517110584
-2021798139
-1053269659
1778016301
-1720791369
2002636178
1824059854
-2004342050
-506631993
-1117768223
-1746580894
280248872
-879983250
1955343242
1572924576
1680320467
-412841312
-1860828182
-1056592515
-4730554
-1692077881
-1016983060
54228959
-1538807838
-848299559
1204117085
-1693987399
-1325499873
934332689
676757941
1850935559
-2025389058
-507643117
-175095387
1252806905
-1457333844
21
