scenario      Ne              t             Na           µmic_1        pmic_1        snimic_1    
   1           3303           3420          25178       9.496e-4       2.932e-1       1.000e-5
   1           4748          15053          12283       8.402e-4       3.000e-1       6.576e-6
   1           3934          22278           7827       7.022e-4       3.000e-1       5.753e-8
   1           3662          15129          12342       7.848e-4       2.858e-1       9.715e-6
   1           4645          13136           6917       9.049e-4       3.000e-1       9.720e-7
   1           5002          15456           6396       5.555e-4       2.829e-1       1.534e-7
   1           4853          17435           1398       5.359e-4       2.898e-1       1.000e-5
   1           5090          16148           1933       8.445e-4       3.000e-1       9.866e-6
   1           4697          16246          15552       9.629e-4       2.819e-1       1.000e-5
   1           5898          16764           5978       5.603e-4       2.853e-1       7.947e-6
   1           3906          11435           8009       8.570e-4       3.000e-1       9.006e-6
   1           6345           8124           2465       8.009e-4       3.000e-1       4.543e-6
   1           4417          17744           6434       4.048e-4       2.986e-1       9.373e-6
   1           5614          13073          10081       9.168e-4       3.000e-1       1.000e-5
   1           4845          13380          11992       7.778e-4       3.000e-1       8.643e-6
   1           4735          14721           6245       7.413e-4       3.000e-1       1.000e-5
   1           4753           1591           7987       6.308e-4       2.605e-1       1.355e-7
   1           5755           9253           9145       6.102e-4       2.947e-1       7.151e-7
   1           4888          19256           4235       6.815e-4       3.000e-1       6.505e-6
   1           5272          17897           9285       7.842e-4       3.000e-1       2.306e-6
   1           4635           8361           7575       5.455e-4       3.000e-1       1.389e-7
   1           4711          12185          11780       6.914e-4       3.000e-1       9.592e-7
   1           3373          15790           4852       7.390e-4       3.000e-1       1.000e-5
   1           4151          11708          17246       7.056e-4       2.591e-1       7.742e-6
   1           6128           9278           1667       6.974e-4       3.000e-1       9.857e-6
   1           3109          17528           7718       8.408e-4       2.761e-1       2.758e-6
   1           4418          11231           1075       8.761e-4       2.914e-1       8.554e-6
   1           4740           7764           4613       6.529e-4       3.000e-1       9.774e-6
   1           4747           5904           8399       9.254e-4       2.877e-1       2.891e-6
   1           5575           8043           4941       9.567e-4       3.000e-1       9.029e-6
   1           4003          15895          10580       9.672e-4       2.955e-1       1.000e-5
   1           4879          14189           8030       4.544e-4       2.792e-1       2.830e-6
   1           3240           7816           2174       9.104e-4       3.000e-1       7.697e-6
   1           3378          20026           3702       6.893e-4       2.955e-1       1.000e-5
   1           6113          12774          10670       6.113e-4       2.470e-1       6.928e-6
   1           5958          17145           4135       4.734e-4       3.000e-1       5.249e-6
   1           5616          15720           7847       7.439e-4       2.980e-1       2.059e-6
   1           5378           5626          17435       4.493e-4       2.884e-1       5.449e-7
   1           4672           9443           4463       9.750e-4       3.000e-1       2.691e-7
   1           5741          15956          13987       8.212e-4       2.896e-1       6.526e-6
   1           3748          15642           6573       5.906e-4       3.000e-1       1.056e-6
   1           5019          16549          11701       7.389e-4       3.000e-1       9.034e-6
   1           4044          16261           4338       6.070e-4       2.833e-1       1.000e-5
   1           4029          16553          10744       8.585e-4       3.000e-1       6.973e-6
   1           3319           8453          10711       9.524e-4       3.000e-1       1.000e-5
   1           4865          16714          10590       7.618e-4       3.000e-1       8.000e-6
   1           5174           9277            962       7.973e-4       2.948e-1       1.000e-5
   1           3308          13074          12117       9.156e-4       2.865e-1       7.481e-7
   1           4095           3373           6382       5.019e-4       3.000e-1       1.516e-7
   1           5222          11918          23538       7.493e-4       3.000e-1       6.821e-7
   1           5506           9230          12634       8.272e-4       2.769e-1       3.302e-6
   1           4168          12729           6519       8.767e-4       2.700e-1       7.013e-6
   1           4697          15169           4342       8.152e-4       2.707e-1       5.720e-7
   1           6724           9099           2659       6.653e-4       2.893e-1       3.460e-7
   1           4585           7501           9534       7.718e-4       3.000e-1       1.000e-5
   1           4876          17539            390       7.294e-4       3.000e-1       8.636e-6
   1           5308          12543           6268       4.974e-4       3.000e-1       2.274e-6
   1           4269          16016           4032       9.497e-4       3.000e-1       9.952e-6
   1           5047          14759           8726       8.795e-4       3.000e-1       1.000e-5
   1           3701          14181           4396       7.484e-4       3.000e-1       8.330e-6
   1           3336           1053           2454       9.971e-4       3.000e-1       9.716e-6
   1           3119          10592           5236       9.032e-4       3.000e-1       4.810e-8
   1           6101          17085           4711       6.574e-4       2.882e-1       3.961e-6
   1           5081          10869          12727       5.882e-4       3.000e-1       9.989e-6
   1           5460          10791          11104       8.037e-4       3.000e-1       1.000e-5
   1           2640           5280           8166       9.805e-4       2.947e-1       9.237e-6
   1           4699          11367          13903       7.059e-4       2.966e-1       9.814e-6
   1           4689          10337          17102       9.092e-4       3.000e-1       1.000e-5
   1           5464          12457           7583       9.176e-4       2.798e-1       9.308e-8
   1           4606           3231           4279       9.184e-4       2.706e-1       1.000e-5
   1           4931          11510           5142       9.079e-4       2.950e-1       8.893e-7
   1           6416          18968           1034       8.760e-4       2.956e-1       4.640e-6
   1           4681          12711          23197       7.862e-4       2.790e-1       2.263e-6
   1           5295          14801           3537       7.499e-4       2.925e-1       3.072e-6
   1           5369          17254           7422       7.869e-4       3.000e-1       5.630e-6
   1           5611          16158          10713       6.565e-4       2.943e-1       3.964e-7
   1           3569          17783           8551       7.255e-4       3.000e-1       4.416e-6
   1           4893          14955           9293       6.881e-4       3.000e-1       9.054e-6
   1           3548          14426           6959       8.936e-4       3.000e-1       1.081e-6
   1           4627          19064           9818       8.626e-4       2.961e-1       9.152e-6
   1           5009           5273           5122       9.591e-4       3.000e-1       1.654e-6
   1           4092           5975           6474       9.411e-4       3.000e-1       3.983e-6
   1           4164           6954          11325       6.505e-4       2.934e-1       3.140e-6
   1           3031           6567           2383       8.725e-4       3.000e-1       1.113e-6
   1           4743          11380           1030       5.300e-4       2.909e-1       8.586e-6
   1           3959          13668          11636       9.416e-4       3.000e-1       7.465e-6
   1           4449           4190          13580       5.911e-4       2.964e-1       9.370e-6
   1           5919          15717           7653       8.092e-4       3.000e-1       1.837e-6
   1           6879          12931           1442       7.724e-4       3.000e-1       2.292e-6
   1           5218          15614          19521       9.294e-4       3.000e-1       3.887e-7
   1           5970          10919           7141       9.605e-4       3.000e-1       2.393e-6
   1           4189          16564           9313       8.636e-4       3.000e-1       9.940e-6
   1           4044           8173           4028       8.136e-4       2.715e-1       2.880e-6
   1           4391          11610           5869       7.587e-4       2.882e-1       2.566e-6
   1           3773           4717           2695       7.238e-4       2.988e-1       4.600e-6
   1           5663          17467          11735       8.321e-4       2.992e-1       5.872e-6
   1           4674           6907           7903       9.659e-4       2.998e-1       5.353e-6
   1           4858          10470           9809       5.357e-4       3.000e-1       3.447e-6
   1           3874           9380           4569       9.046e-4       2.248e-1       7.224e-6
   1           4094           4331          11511       6.574e-4       3.000e-1       1.000e-5
   1           4049           7921           9616       9.043e-4       2.524e-1       2.274e-6
   1           6133          13235          12068       7.683e-4       3.000e-1       8.550e-6
   1           3813           5920           6168       6.761e-4       2.961e-1       7.999e-6
   1           5318          14525           6462       6.829e-4       3.000e-1       6.311e-7
   1           5355           7650           9611       8.041e-4       2.810e-1       1.000e-5
   1           4967          11550           5975       7.141e-4       3.000e-1       7.550e-6
   1           4236          10598           5290       7.111e-4       2.582e-1       3.295e-6
   1           4156          14614           4306       9.682e-4       2.962e-1       9.561e-7
   1           4431           7136          11054       7.267e-4       1.673e-1       7.484e-6
   1           3889          18044           7425       6.180e-4       3.000e-1       1.000e-5
   1           3822           6192          10524       8.970e-4       3.000e-1       8.765e-6
   1           5031          16773           3825       7.250e-4       3.000e-1       4.287e-6
   1           5975          14313           8308       6.424e-4       3.000e-1       9.207e-6
   1           3140           2779           2708       8.157e-4       3.000e-1       1.627e-6
   1           4279          16481          15768       6.680e-4       3.000e-1       7.411e-6
   1           3565           6332           1906       9.489e-4       3.000e-1       1.217e-6
   1           6002          12447           4347       5.367e-4       3.000e-1       4.358e-7
   1           5669          15790           8093       4.658e-4       2.596e-1       1.000e-5
   1           5474          17115           5704       6.642e-4       3.000e-1       2.297e-7
   1           5366           8033          18814       5.039e-4       3.000e-1       1.000e-5
   1           4901          14358           8009       5.127e-4       3.000e-1       9.968e-6
   1           7222          17801           7420       2.649e-4       2.602e-1       7.263e-6
   1           4055          10180           2491       9.491e-4       3.000e-1       8.969e-6
   1           2815          14557           7047       8.983e-4       3.000e-1       6.765e-6
   1           4486          14430          12884       3.836e-4       3.000e-1       8.725e-6
   1           3905          11770           7427       9.586e-4       2.876e-1       8.090e-6
   1           3939           9642          17116       6.331e-4       2.903e-1       9.135e-6
   1           4810           9104          14385       5.611e-4       3.000e-1       8.063e-6
   1           5083          17840           9927       9.433e-4       3.000e-1       7.559e-6
   1           3429          13885          11721       8.079e-4       2.891e-1       8.625e-6
   1           4932           5921           6570       7.168e-4       2.789e-1       5.077e-6
   1           2534          13780           5706       9.106e-4       3.000e-1       8.313e-6
   1           4365          11298           5099       7.234e-4       3.000e-1       1.000e-5
   1           4558          17926          16970       6.852e-4       2.992e-1       1.000e-5
   1           5003          14839          10446       5.673e-4       2.705e-1       9.670e-6
   1           4514          13390          10501       8.212e-4       3.000e-1       6.938e-6
   1           3330          15974          12200       8.135e-4       3.000e-1       4.849e-6
   1           4498          18024          14900       6.975e-4       2.603e-1       3.421e-6
   1           4300           8645           9212       8.102e-4       3.000e-1       9.316e-7
   1           3865          18336           7935       8.517e-4       3.000e-1       5.818e-6
   1           6287          13329           7290       5.163e-4       3.000e-1       6.573e-6
   1           4130           9060           7556       7.993e-4       3.000e-1       7.576e-6
   1           4504           8305          11032       8.062e-4       2.842e-1       8.563e-6
   1           5854          13474           4041       6.039e-4       3.000e-1       8.762e-6
   1           4440           6283           7322       9.707e-4       3.000e-1       8.190e-6
   1           4859          17839          14254       8.664e-4       3.000e-1       6.802e-6
   1           3603          13633           1343       8.944e-4       3.000e-1       8.295e-6
   1           4560          10459           4042       6.080e-4       2.978e-1       7.002e-6
   1           3858          10062          13149       6.420e-4       3.000e-1       7.947e-6
   1           4281          11892           6059       7.294e-4       2.976e-1       9.051e-6
   1           6392          12199           6689       4.714e-4       2.943e-1       9.049e-6
   1           6280          10119           7433       8.776e-4       2.992e-1       4.907e-7
   1           4417          10116           5623       7.927e-4       2.976e-1       7.457e-6
   1           4242          12675            672       5.151e-4       3.000e-1       1.000e-5
   1           5630          23016           8800       3.905e-4       2.994e-1       8.085e-6
   1           5975           5031           8224       4.879e-4       2.986e-1       2.632e-6
   1           5622           9735           5209       9.472e-4       3.000e-1       8.550e-6
   1           5654           7274           5114       9.497e-4       3.000e-1       5.986e-6
   1           3943          17613           4857       8.715e-4       3.000e-1       1.000e-5
   1           3048           7254           2474       9.682e-4       2.695e-1       2.377e-7
   1           3996          13995           6145       7.811e-4       2.942e-1       1.794e-6
   1           6562          21914           1027       6.798e-4       2.934e-1       5.303e-7
   1           2946          15030          16945       5.749e-4       3.000e-1       5.265e-6
   1           2567          16712           9633       7.609e-4       3.000e-1       1.000e-5
   1           4761           3021           4785       8.635e-4       3.000e-1       3.822e-6
   1           5414          10084           9787       8.325e-4       2.657e-1       7.709e-6
   1           3268           7809           4666       5.503e-4       3.000e-1       2.661e-6
   1           3381           9136           3899       9.002e-4       3.000e-1       1.294e-6
   1           4304          15875          12719       8.893e-4       3.000e-1       8.452e-6
   1           3980          14570           4583       9.684e-4       2.819e-1       4.126e-6
   1           4748           8404           5472       5.053e-4       3.000e-1       7.803e-7
   1           2530          10619           4255       9.963e-4       2.890e-1       8.852e-6
   1           3455           3617          11851       7.049e-4       2.830e-1       7.037e-6
   1           4013          18473            910       9.119e-4       2.859e-1       5.087e-7
   1           6069          12884          11270       9.211e-4       2.904e-1       2.077e-6
   1           5373          15689           6416       9.070e-4       2.407e-1       1.570e-6
   1           4046          19113           3449       9.809e-4       3.000e-1       9.026e-6
   1           5157          13054          10563       5.728e-4       3.000e-1       1.000e-5
   1           4903           6306           1789       6.720e-4       3.000e-1       5.911e-6
   1           4854          10961          10327       6.650e-4       2.901e-1       9.680e-6
   1           4837          12933           7402       8.271e-4       3.000e-1       9.864e-6
   1           3402           7694           3502       7.381e-4       3.000e-1       5.516e-6
   1           4366          15502           2531       9.255e-4       3.000e-1       9.700e-6
   1           4900          12875          11192       8.095e-4       3.000e-1       3.811e-7
   1           2787            908           8523       9.664e-4       2.644e-1       7.672e-6
   1           5448           6913          12013       7.788e-4       3.000e-1       7.878e-6
   1           3894           2159           6861       8.571e-4       2.572e-1       6.403e-6
   1           5504           6135           8509       5.631e-4       2.655e-1       3.028e-6
   1           4242          12111           6881       9.088e-4       2.954e-1       3.715e-6
   1           2730          16286           8630       9.887e-4       3.000e-1       4.737e-6
   1           3505          18379           7991       8.265e-4       2.909e-1       1.000e-5
   1           3755          14864           9201       9.444e-4       3.000e-1       6.364e-6
   1           4348          17043           7905       7.065e-4       3.000e-1       7.347e-6
   1           5449          12454           4552       9.498e-4       2.748e-1       2.207e-6
   1           4007           8179          18351       6.958e-4       3.000e-1       5.887e-6
   1           3339          12119           6217       9.356e-4       3.000e-1       4.857e-7
   1           6362          15678          10269       6.699e-4       2.208e-1       9.970e-6
   1           5008          15147          12764       7.651e-4       3.000e-1       3.299e-6
   1           5373          10714           9498       8.921e-4       2.071e-1       8.943e-6
   1           4340          15456           3707       8.558e-4       2.910e-1       7.501e-6
   1           4284          11016           6214       6.356e-4       2.988e-1       6.721e-6
   1           4105           1922          10671       6.996e-4       2.503e-1       3.523e-6
   1           4504          16934           8264       9.793e-4       2.967e-1       1.361e-6
   1           5417          17175           5691       9.338e-4       3.000e-1       9.866e-6
   1           4982          15427           5258       7.317e-4       2.862e-1       1.077e-6
   1           6163          10483          26241       6.552e-4       2.144e-1       9.895e-6
   1           6150          11082           7935       4.534e-4       2.990e-1       9.097e-6
   1           4981           7365           6252       7.756e-4       2.509e-1       6.693e-6
   1           3582          17073           6524       8.929e-4       2.952e-1       9.645e-6
   1           4597          12861          10176       8.762e-4       2.656e-1       1.000e-5
   1           4595          13030           3088       6.570e-4       2.920e-1       8.071e-6
   1           4640          15813           3251       6.061e-4       3.000e-1       8.670e-6
   1           5341          15605           4466       8.417e-4       3.000e-1       1.000e-5
   1           5082           9937            120       7.380e-4       3.000e-1       3.076e-7
   1           5215          14661          10837       5.729e-4       2.956e-1       1.000e-5
   1           5331          15245           3079       7.628e-4       3.000e-1       1.000e-5
   1           3396          16223           8359       8.573e-4       3.000e-1       3.901e-6
   1           4292          17304            637       6.748e-4       3.000e-1       8.568e-6
   1           3509           3332           7861       7.128e-4       2.779e-1       4.441e-6
   1           4953          13881           5795       8.876e-4       3.000e-1       4.071e-7
   1           5540          12577          12676       4.845e-4       3.000e-1       2.806e-6
   1           4731          11321           5640       8.859e-4       3.000e-1       6.581e-6
   1           4818          12076           9915       5.390e-4       3.000e-1       7.410e-6
   1           4442           4186           5509       7.396e-4       2.939e-1       4.840e-6
   1           4722          16520           2313       8.596e-4       2.885e-1       1.911e-6
   1           5018          14111           3916       7.458e-4       3.000e-1       5.882e-6
   1           4922          13892          11681       7.360e-4       1.975e-1       3.038e-6
   1           4252           9889           7975       6.459e-4       3.000e-1       7.717e-6
   1           5051          10702          11384       7.316e-4       3.000e-1       4.325e-6
   1           5841          18645          11914       8.792e-4       3.000e-1       1.522e-6
   1           5208          15892           8324       9.899e-4       3.000e-1       6.145e-6
   1           4618          19872          10558       8.305e-4       3.000e-1       1.469e-7
   1           4600          11131           2015       5.381e-4       3.000e-1       1.000e-5
   1           5690          10557           6499       6.865e-4       3.000e-1       4.467e-7
   1           3846           7631           6174       9.541e-4       2.921e-1       7.908e-6
   1           3927          16349           1377       9.032e-4       3.000e-1       2.330e-6
   1           4230           1260           4174       8.836e-4       3.000e-1       1.289e-6
   1           3897          13428           4973       6.147e-4       2.827e-1       1.000e-5
   1           3829           7132          20158       7.274e-4       2.965e-1       9.712e-6
   1           4932           6919          11993       8.264e-4       2.810e-1       1.000e-5
   1           4457          15508           1482       6.224e-4       2.983e-1       7.106e-6
   1           4172           5033           9731       8.818e-4       3.000e-1       2.300e-6
   1           5447          14614            199       7.475e-4       3.000e-1       9.442e-6
   1           5167          14738          20095       7.873e-4       2.848e-1       6.439e-6
   1           4412          14077          15356       7.907e-4       2.083e-1       2.306e-7
   1           4275          12327           6764       9.457e-4       3.000e-1       1.018e-6
   1           5752          10980           5534       5.274e-4       3.000e-1       1.126e-6
   1           3928           7094           8992       7.335e-4       3.000e-1       4.903e-6
   1           3473          16688           1407       9.376e-4       3.000e-1       9.972e-6
   1           3623           9658          14669       9.057e-4       3.000e-1       5.016e-6
   1           4462          13033           1741       9.003e-4       3.000e-1       5.903e-6
   1           2827          18669           5867       9.766e-4       2.981e-1       1.795e-6
   1           4280          23761          15894       7.766e-4       3.000e-1       8.154e-6
   1           5626          18811           8137       9.085e-4       3.000e-1       2.975e-6
   1           3409          11594          13339       7.824e-4       2.757e-1       2.629e-6
   1           5708          10235           9338       5.484e-4       2.958e-1       1.304e-7
   1           4535           6012          17985       6.648e-4       3.000e-1       1.000e-5
   1           5997           6559           9764       5.250e-4       2.974e-1       6.732e-6
   1           5743           8223           9194       5.312e-4       2.400e-1       9.787e-7
   1           4636          10462          10133       5.745e-4       3.000e-1       8.351e-6
   1           3078          18347           7301       8.864e-4       3.000e-1       5.655e-6
   1           4000           7312           2914       8.460e-4       3.000e-1       9.493e-7
   1           4214          18478          11194       6.796e-4       3.000e-1       1.000e-5
   1           4141           5131           6230       8.004e-4       3.000e-1       9.437e-6
   1           4475          12978           7701       7.653e-4       3.000e-1       1.230e-6
   1           4710          14020          11975       9.759e-4       3.000e-1       1.136e-6
   1           4982          13747          14199       7.456e-4       2.944e-1       6.632e-6
   1           6304          18380           6302       8.264e-4       3.000e-1       9.569e-6
   1           4114           6295           6694       7.874e-4       2.903e-1       1.000e-5
   1           4151          10760          17283       7.578e-4       2.409e-1       1.000e-5
   1           3972           9426          11489       6.762e-4       2.965e-1       9.675e-6
   1           4784          14408           7624       9.528e-4       2.821e-1       6.667e-6
   1           3400          19733           6437       8.992e-4       3.000e-1       9.746e-6
   1           3535          13949           9290       6.815e-4       2.962e-1       8.450e-6
   1           5162          14468          10061       5.492e-4       2.974e-1       4.411e-7
   1           4758          10789           9889       9.602e-4       3.000e-1       1.770e-7
   1           5239          14954           4768       7.925e-4       2.980e-1       8.614e-6
   1           4570          16789           7360       9.404e-4       2.901e-1       2.324e-6
   1           4516          13875          11214       6.873e-4       3.000e-1       1.000e-5
   1           4311          15760           9051       9.951e-4       2.704e-1       2.622e-7
   1           4171          14690           3147       6.874e-4       3.000e-1       3.506e-6
   1           3634          10884           7430       9.363e-4       2.857e-1       1.861e-7
   1           5070          13915           5807       8.292e-4       2.940e-1       7.183e-6
   1           4967           9911           4504       7.293e-4       2.944e-1       3.881e-7
   1           5693          16893          16591       6.558e-4       3.000e-1       7.175e-7
   1           4765           7615           9600       4.382e-4       3.000e-1       2.649e-7
   1           3810          12911          21295       9.522e-4       2.663e-1       1.000e-5
   1           2700           9488          11482       9.092e-4       2.948e-1       8.689e-7
   1           4699           8056          12310       4.920e-4       2.978e-1       9.372e-6
   1           3785          12352           7852       8.201e-4       3.000e-1       6.305e-6
   1           6623          15518          10894       8.247e-4       3.000e-1       9.300e-6
   1           4002          10024           7446       5.354e-4       2.705e-1       9.350e-6
   1           4465          20952            493       8.410e-4       3.000e-1       4.910e-6
   1           5180          11851           4897       7.712e-4       3.000e-1       6.897e-6
   1           3960          11578           7804       5.348e-4       3.000e-1       2.612e-7
   1           5286          16615           7521       7.083e-4       3.000e-1       2.764e-6
   1           5161          16785          10481       6.588e-4       2.907e-1       9.707e-6
   1           3947          16669            208       6.162e-4       3.000e-1       3.051e-7
   1           5394          14880          10196       5.683e-4       2.755e-1       8.309e-6
   1           5085          15324          10656       8.664e-4       3.000e-1       8.097e-6
   1           6223           3249           7750       9.115e-4       1.856e-1       7.700e-6
   1           4544          14621            542       8.734e-4       3.000e-1       3.795e-6
   1           5922           2876          10421       3.680e-4       2.907e-1       6.680e-6
   1           3581           7479           5902       6.928e-4       3.000e-1       3.078e-6
   1           5169          13299          11883       7.087e-4       3.000e-1       3.545e-6
   1           3095          15793          14381       8.012e-4       2.756e-1       5.618e-7
   1           3773          16660           7647       7.350e-4       3.000e-1       1.078e-6
   1           3836          11202           8499       7.165e-4       2.997e-1       9.941e-6
   1           4228           4549           6888       8.613e-4       2.964e-1       6.838e-8
   1           5013           9140           6640       5.864e-4       3.000e-1       5.478e-6
   1           4906           7882          10436       6.867e-4       3.000e-1       7.297e-6
   1           5813          17305           6044       6.377e-4       3.000e-1       7.583e-7
   1           4250           3773           9596       9.591e-4       3.000e-1       7.557e-6
   1           3351          12460          11715       7.710e-4       2.908e-1       9.844e-6
   1           3340           3627           7632       9.159e-4       3.000e-1       1.272e-6
   1           5201          15273           8432       6.909e-4       2.994e-1       1.517e-6
   1           5008          15285           8204       8.690e-4       2.706e-1       3.111e-6
   1           5625           9753           9874       5.009e-4       2.949e-1       7.119e-6
   1           3849           9690          11021       9.606e-4       3.000e-1       9.666e-6
   1           6254          17878           7383       9.201e-4       3.000e-1       1.807e-6
   1           6631          11795           8312       7.246e-4       2.654e-1       9.363e-6
   1           4803          13604          15670       4.995e-4       3.000e-1       1.000e-5
   1           2889          15428           4801       9.718e-4       3.000e-1       2.122e-6
   1           4895           4886           3727       5.208e-4       2.896e-1       7.463e-6
   1           4421          14532           6220       9.671e-4       2.814e-1       8.284e-6
   1           5321          12137          14129       8.771e-4       2.995e-1       5.296e-6
   1           3796          12714           7947       8.555e-4       3.000e-1       8.007e-6
   1           5068           9625           8452       6.988e-4       3.000e-1       1.623e-6
   1           4535          17206           2330       8.338e-4       3.000e-1       7.347e-6
   1           4154          14462           7077       7.636e-4       2.947e-1       1.603e-6
   1           4314          10047          10687       7.097e-4       2.924e-1       1.000e-5
   1           5396           9469           7386       8.492e-4       2.877e-1       9.102e-6
   1           4867           8566           6859       7.194e-4       3.000e-1       3.893e-6
   1           5732          15199           9766       6.595e-4       3.000e-1       7.184e-6
   1           5733          16888          12086       7.237e-4       2.841e-1       1.171e-7
   1           3338           5179          10376       8.388e-4       2.988e-1       9.615e-6
   1           4252          15858           3889       8.620e-4       3.000e-1       2.866e-6
   1           6076          11935           9500       5.624e-4       2.428e-1       2.485e-6
   1           4042           7204           9211       7.302e-4       2.948e-1       1.059e-6
   1           3736         55.606           9106       5.670e-4       2.140e-1       3.162e-7
   1           5138           6540           9351       6.016e-4       3.000e-1       6.857e-6
   1           4944          13012           5802       6.889e-4       3.000e-1       7.070e-6
   1           5849          16228          12893       4.287e-4       3.000e-1       9.822e-6
   1           3604          16580           4069       7.308e-4       3.000e-1       3.384e-6
   1           5199          12279          14298       5.710e-4       2.994e-1       1.000e-5
   1           6012           4999          20847       3.040e-4       3.000e-1       1.000e-5
   1           6408           6223           6027       7.839e-4       2.725e-1       6.838e-6
   1           4988          16925           8553       7.968e-4       2.823e-1       5.705e-6
   1           4454          20168           6037       6.214e-4       3.000e-1       6.997e-6
   1           4618          18611          15069       9.645e-4       2.753e-1       1.307e-6
   1           3541          13082           7382       6.700e-4       3.000e-1       1.000e-5
   1           4864          10233          10920       8.123e-4       3.000e-1       1.655e-6
   1           3870          12628           4831       7.861e-4       2.757e-1       4.732e-6
   1           3706          15956           5133       8.984e-4       3.000e-1       5.988e-7
   1           5331           9214          11231       9.478e-4       2.983e-1       6.852e-6
   1           5061          16827          22041       8.139e-4       2.970e-1       3.949e-6
   1           4639          13580           7568       6.856e-4       2.967e-1       9.940e-6
   1           5790          22321           9399       6.024e-4       2.909e-1       2.983e-6
   1           6584          16639          13141       7.156e-4       1.839e-1       7.215e-6
   1           4515          11257           6558       6.796e-4       2.100e-1       8.800e-6
   1           4330          13968            504       8.284e-4       3.000e-1       5.561e-6
   1           4683          11431           3112       7.652e-4       3.000e-1       9.027e-8
   1           5728          19077           5101       9.813e-4       2.982e-1       4.367e-6
   1           4921           9026          10853       8.330e-4       2.842e-1       6.665e-8
   1           4014          10110          10572       6.576e-4       2.980e-1       1.000e-5
   1           4082          17610           2829       5.850e-4       2.992e-1       6.554e-6
   1           4976           6482          11051       7.770e-4       3.000e-1       9.570e-6
   1           3227           8834           2990       8.462e-4       3.000e-1       2.470e-6
   1           4633           1511          10107       6.739e-4       3.000e-1       6.181e-7
   1           4949           8317          15498       9.440e-4       2.941e-1       3.130e-6
   1           3589          13534           2336       8.548e-4       2.793e-1       6.224e-6
   1           4976          12699          12692       9.196e-4       3.000e-1       1.156e-6
   1           3728          16435           7280       9.030e-4       3.000e-1       7.310e-6
   1           6331          15726          20722       5.987e-4       1.814e-1       3.143e-7
   1           2818          16819           1431       8.302e-4       3.000e-1       4.400e-7
   1           5944          14646           3879       7.277e-4       2.995e-1       1.238e-7
   1           3779           4203           5102       8.657e-4       2.984e-1       4.280e-6
   1           4808          19913           2674       7.967e-4       2.908e-1       8.882e-6
   1           3507          14877           2628       6.835e-4       2.937e-1       8.029e-7
   1           4572          14105          17655       4.359e-4       3.000e-1       1.733e-6
   1           3688           8352          10882       6.920e-4       2.993e-1       1.000e-5
   1           6869          19690           4051       5.008e-4       3.000e-1       7.376e-6
   1           3529          23001          14334       9.023e-4       3.000e-1       9.698e-7
   1           4739          14343           7456       7.160e-4       3.000e-1       2.167e-6
   1           5395          12749           2657       6.187e-4       3.000e-1       1.232e-6
   1           4454          14119           5927       5.451e-4       2.499e-1       8.686e-6
   1           4996          12212           8581       7.523e-4       2.941e-1       1.177e-6
   1           5346           6543          11096       7.207e-4       2.718e-1       1.000e-5
   1           4436          18105           9800       7.640e-4       3.000e-1       4.387e-6
   1           3694           7335           7999       4.703e-4       2.977e-1       9.590e-6
   1           4876          15134           6402       8.192e-4       2.801e-1       2.629e-6
   1           4579          10598           4840       5.183e-4       2.971e-1       1.000e-5
   1           3774          16120           5259       8.359e-4       3.000e-1       9.251e-6
   1           5613          11551           8723       5.417e-4       3.000e-1       6.248e-6
   1           4125           6938           4385       6.791e-4       2.922e-1       1.344e-6
   1           5062          18723           1872       9.043e-4       1.608e-1       1.418e-6
   1           4682           8287          12501       6.237e-4       2.719e-1       2.122e-6
   1           5835          14370          21690       9.343e-4       2.807e-1       7.044e-6
   1           4824          15603          15286       7.015e-4       2.935e-1       9.275e-6
   1           3278          13174           5085       8.640e-4       2.945e-1       1.556e-6
   1           4813          16000          10032       6.754e-4       3.000e-1       6.847e-7
   1           5543           5361          11411       2.764e-4       3.000e-1       7.715e-6
   1           6136           6481          12240       5.832e-4       3.000e-1       6.958e-6
   1           6591          11670           6698       9.257e-4       3.000e-1       5.893e-7
   1           6194          12347           1448       4.953e-4       3.000e-1       1.391e-6
   1           4503          13114           1826       9.662e-4       2.981e-1       1.082e-6
   1           5488           7495           6221       5.544e-4       2.892e-1       8.650e-6
   1           3383          12470           1362       7.777e-4       3.000e-1       3.939e-7
   1           4818          13157          11583       9.263e-4       1.919e-1       9.050e-6
   1           3433          11103           4461       9.676e-4       2.744e-1       1.000e-5
   1           5815          12286           9216       8.360e-4       3.000e-1       9.336e-6
   1           5996           8275           8483       9.421e-4       3.000e-1       1.203e-6
   1           4507          13569           3659       6.634e-4       3.000e-1       3.321e-6
   1           4289          11588           9794       4.742e-4       3.000e-1       7.712e-6
   1           3141          17439           2170       9.716e-4       3.000e-1       5.402e-6
   1           3090          13661          10389       9.326e-4       3.000e-1       6.313e-7
   1           5324          17902           6445       8.946e-4       3.000e-1       1.660e-6
   1           4770          15797          11369       9.232e-4       2.669e-1       8.624e-6
   1           3849          12411          14377       5.827e-4       3.000e-1       7.156e-6
   1           4583           4085           9018       3.760e-4       3.000e-1       5.265e-6
   1           5168          16582           7420       7.263e-4       3.000e-1       1.307e-6
   1           7082           9561           8727       5.202e-4       2.945e-1       9.975e-6
   1           4641          16563           4662       8.735e-4       3.000e-1       5.490e-6
   1           5416           7268           8708       7.579e-4       2.628e-1       2.042e-6
   1           5624          16474           4782       5.796e-4       2.885e-1       5.463e-6
   1           4820           9551          12257       9.467e-4       3.000e-1       8.335e-6
   1           4496          11214           8910       5.149e-4       3.000e-1       8.456e-6
   1           6389          17319           4605       9.224e-4       2.691e-1       1.300e-6
   1           3909           9806           5070       9.496e-4       2.483e-1       1.000e-5
   1           5328           4640          12607       8.179e-4       2.961e-1       8.527e-7
   1           4636          19440           2924       8.640e-4       2.711e-1       9.052e-6
   1           4954          15853           5669       8.706e-4       3.000e-1       1.000e-5
   1           4608          17202           3627       9.631e-4       2.994e-1       6.612e-8
   1           4659           9947           7800       8.176e-4       2.567e-1       9.732e-6
   1           4577          11707           3377       6.572e-4       3.000e-1       5.759e-6
   1           3974           7407          10180       9.765e-4       3.000e-1       1.903e-6
   1           4874          19390          15497       6.033e-4       3.000e-1       6.534e-7
   1           4443          17359           2504       7.785e-4       2.656e-1       3.064e-6
   1           4720          13238           9938       8.355e-4       3.000e-1       2.477e-6
   1           3951          15431          12224       5.935e-4       3.000e-1       1.000e-5
   1           5572          11666           1908       6.345e-4       2.891e-1       4.251e-6
   1           4640          21654          14346       8.788e-4       2.906e-1       3.366e-6
   1           3034          12798           1166       8.770e-4       3.000e-1       9.446e-6
   1           3967           2762           9987       7.524e-4       3.000e-1       1.000e-5
   1           4151          10568          16056       4.582e-4       3.000e-1       1.430e-6
   1           3690          12716           4652       6.371e-4       3.000e-1       2.200e-6
   1           5256           9904           6763       3.832e-4       3.000e-1       8.587e-6
   1           4539           9304           4891       9.149e-4       3.000e-1       1.898e-6
   1           4789          12961           9929       8.255e-4       3.000e-1       2.641e-6
   1           6405          14252          10802       7.211e-4       2.736e-1       4.081e-6
   1           5092           9475          11101       8.919e-4       2.911e-1       3.597e-6
   1           3982          11013          10730       7.745e-4       3.000e-1       1.000e-5
   1           5718           9104           4682       9.136e-4       2.787e-1       2.949e-7
   1           5229          15569          17560       7.336e-4       3.000e-1       2.551e-6
   1           2778           9941           6635       9.858e-4       3.000e-1       1.000e-5
   1           6178          13413          17209       6.214e-4       2.433e-1       1.000e-5
   1           5861           8079           6456       5.562e-4       2.971e-1       9.319e-6
   1           5653          14339           1947       7.584e-4       2.342e-1       2.367e-6
   1           7284          13087           3304       5.878e-4       2.893e-1       1.572e-6
   1           5687          11169           6633       7.990e-4       2.939e-1       6.351e-6
   1           4660          12796           7898       7.191e-4       3.000e-1       7.018e-6
   1           5230          12021          14451       8.167e-4       3.000e-1       1.000e-5
   1           3658           6964           5245       9.786e-4       3.000e-1       1.000e-5
   1           5056          11786           4957       7.995e-4       2.827e-1       1.047e-6
   1           4216          15387           7493       7.765e-4       2.994e-1       7.218e-6
   1           5133           3511           5013       8.386e-4       3.000e-1       2.595e-6
   1           4563           5829           6603       5.561e-4       2.898e-1       4.099e-7
   1           6596          17969          11824       8.413e-4       3.000e-1       3.107e-7
   1           4431          11206          12558       5.440e-4       2.971e-1       1.543e-6
   1           4280           9607          17720       6.607e-4       3.000e-1       9.644e-6
   1           5381           1021           9814       3.545e-4       3.000e-1       1.000e-5
   1           6129           6833           5976       4.999e-4       3.000e-1       1.168e-6
   1           4405          10005           5612       9.511e-4       3.000e-1       8.701e-6
   1           4212          15250          15177       9.417e-4       3.000e-1       5.273e-6
   1           3120          10490           9673       7.212e-4       2.659e-1       1.033e-6
   1           5554          13550          16897       5.448e-4       3.000e-1       9.258e-6
   1           6486           8840           5355       4.812e-4       3.000e-1       8.586e-6
   1           4696          15215           6095       5.449e-4       3.000e-1       3.302e-6
   1           4683          15892          17377       6.490e-4       3.000e-1       9.703e-6
   1           4680          14477          10692       8.102e-4       3.000e-1       2.819e-6
   1           3155          19911           8683       6.141e-4       2.965e-1       7.107e-6
   1           5977           5270          12816       6.727e-4       3.000e-1       1.000e-5
   1           3688          13564          12308       9.322e-4       3.000e-1       1.610e-6
   1           5515           7524          17219       7.497e-4       3.000e-1       8.685e-6
   1           2990           8980           7231       6.396e-4       3.000e-1       5.266e-7
   1           5626          19756           4006       5.794e-4       3.000e-1       1.301e-6
   1           3701           8011          14655       9.844e-4       2.309e-1       1.000e-5
   1           4976          15805           9030       6.271e-4       2.790e-1       1.899e-6
   1           6342          13108          17456       3.616e-4       2.858e-1       3.009e-6
   1           3067          10706           7088       7.578e-4       3.000e-1       4.495e-6
   1           3936          14725           7700       5.800e-4       3.000e-1       1.000e-5
   1           4161          17268           7108       9.437e-4       3.000e-1       1.898e-6
   1           3219          14440           3467       6.380e-4       3.000e-1       7.406e-6
   1           5285          10387           7813       5.037e-4       2.992e-1       2.874e-6
   1           4143           7152           9541       8.018e-4       2.907e-1       2.867e-6
   1           5224          11554           5093       8.683e-4       3.000e-1       1.154e-6
   1           6411          12051           6081       7.408e-4       2.529e-1       1.661e-6
   1           4201          20671           8744       7.702e-4       2.007e-1       9.869e-6
   1           5219           9896           8417       9.102e-4       3.000e-1       1.242e-6
   1           5124           1725           7846       6.737e-4       1.745e-1       4.581e-6
   1           4184          11727          17528       9.225e-4       2.860e-1       1.000e-5
   1           4239          16125            390       8.546e-4       3.000e-1       7.745e-6
   1           3801           6799           6145       6.359e-4       3.000e-1       9.309e-6
   1           3961           3118           4879       8.284e-4       3.000e-1       1.000e-5
   1           3825           9585          17326       9.458e-4       2.796e-1       9.830e-6
   1           6074          11759           5690       7.396e-4       3.000e-1       4.366e-6
   1           6596          14644          12684       8.525e-4       3.000e-1       2.942e-7
   1           4224           7566          11332       7.757e-4       2.223e-1       1.000e-5
   1           4991          11091           5838       6.184e-4       3.000e-1       5.456e-6
   1           5062          16311           1168       9.861e-4       1.592e-1       6.573e-6
   1           4066           9790           2621       9.123e-4       2.839e-1       4.116e-7
   1           4624          10801           8895       7.938e-4       3.000e-1       9.809e-6
   1           4895           9996          10952       9.600e-4       2.878e-1       6.947e-6
   1           4189           8193           2482       6.977e-4       3.000e-1       4.556e-6
   1           4773          14695          13472       9.301e-4       3.000e-1       8.976e-7
   1           3949          11782           7507       8.654e-4       2.834e-1       7.149e-6
   1           4396          11175           5639       9.159e-4       2.526e-1       3.960e-7
   1           4031           9246           7090       8.512e-4       2.925e-1       2.562e-6
   1           4084           9205           7768       6.475e-4       3.000e-1       7.624e-6
   1           6179          17078           4277       7.531e-4       2.945e-1       9.714e-6
   1           4599          20329           5169       9.380e-4       3.000e-1       9.002e-6
   1           5921          18939           2518       6.983e-4       3.000e-1       9.361e-6
   1           5250          10070           2926       4.286e-4       3.000e-1       2.568e-6
   1           4884           8465           9003       6.498e-4       2.825e-1       1.674e-6
   1           3047          21301           9504       9.448e-4       3.000e-1       1.000e-5
   1           4419          21241           4999       7.279e-4       3.000e-1       6.839e-6
   1           4102           9625           3937       9.676e-4       2.888e-1       6.552e-6
   1           5768          20424           7079       8.937e-4       2.695e-1       6.498e-6
   1           5221          12656         95.316       8.409e-4       2.976e-1       4.771e-6
   1           5276          10993           4070       7.235e-4       2.830e-1       8.868e-6
   1           6130          10043          14372       9.587e-4       3.000e-1       9.094e-6
   1           4353          13857            899       5.319e-4       3.000e-1       7.744e-6
   1           4726          11075           6852       7.900e-4       3.000e-1       8.682e-6
   1           4601          16716           9999       8.098e-4       3.000e-1       1.000e-5
   1           4718          16336           7415       6.964e-4       2.993e-1       5.944e-6
   1           3597           5502           4637       8.016e-4       3.000e-1       1.370e-7
   1           4340          14238          10116       7.414e-4       3.000e-1       7.411e-6
   1           5816          20213           4394       5.967e-4       2.976e-1       1.934e-6
   1           3293          18096          11474       5.389e-4       2.991e-1       6.725e-6
   1           3775           4224           7504       5.415e-4       2.928e-1       8.386e-6
   1           4018          13400           3559       6.924e-4       3.000e-1       7.057e-6
   1           6769          16833           9025       5.607e-4       2.916e-1       4.619e-6
   1           6763           2765           4422       9.861e-4       2.986e-1       2.432e-6
   1           4588          11663          10300       9.191e-4       3.000e-1       1.000e-5
   1           5113           9820           2346       8.379e-4       2.884e-1       9.671e-7
   1           3545          11216           7299       8.348e-4       3.000e-1       1.000e-5
   1           4571          18600           7652       9.862e-4       3.000e-1       7.606e-6
   1           4505          18439           4658       6.264e-4       2.906e-1       1.000e-5
   1           4209          12778          10961       9.819e-4       3.000e-1       9.497e-6
   1           6018           1969           5475       7.619e-4       3.000e-1       5.081e-7
   1           3939          10602          10135       7.242e-4       3.000e-1       9.243e-6
   1           4641          15641          12100       8.314e-4       2.969e-1       1.437e-7
   1           4973          10891           6559       9.163e-4       3.000e-1       6.372e-7
   1           2625           3283          10926       8.648e-4       3.000e-1       9.270e-6
   1           5190          15256           4291       7.543e-4       3.000e-1       8.764e-6
   1           3909          16440           8754       8.375e-4       2.947e-1       7.040e-6
   1           4736           7704           7664       7.734e-4       2.240e-1       8.173e-6
   1           5591          16397           2908       6.370e-4       3.000e-1       3.233e-6
   1           3854          11870           4067       8.677e-4       1.597e-1       9.969e-6
   1           4725          15877          14907       8.472e-4       2.962e-1       6.031e-6
   1           4030           1719          11849       7.083e-4       2.067e-1       5.977e-6
   1           3337           8158           5381       9.356e-4       2.677e-1       4.586e-6
   1           4680          11871           6871       6.295e-4       2.875e-1       9.418e-6
   1           3695           3932          12549       8.764e-4       2.679e-1       8.727e-6
   1           4832          13172           7278       6.497e-4       2.958e-1       9.865e-6
   1           3769          16344           2152       7.851e-4       3.000e-1       6.065e-6
   1           3770          13984          12906       9.117e-4       3.000e-1       9.403e-6
   1           5531          17895           1254       8.003e-4       3.000e-1       4.654e-6
   1           4404           8023          13234       9.799e-4       2.993e-1       5.417e-6
   1           3850           5049           6145       6.890e-4       2.915e-1       9.234e-6
   1           5166          20169           5348       6.219e-4       3.000e-1       4.995e-6
   1           5288           7444           4250       5.568e-4       3.000e-1       9.713e-6
   1           3296           8542           6259       8.738e-4       2.500e-1       1.000e-5
   1           3802           5928           9176       9.413e-4       2.945e-1       6.948e-6
   1           3516           8877          13084       8.899e-4       1.816e-1       8.266e-6
   1           3632           5183           4816       9.407e-4       3.000e-1       4.700e-6
   1           5063           9748           6022       7.835e-4       2.710e-1       4.800e-6
   1           5605          14465           4761       7.572e-4       2.993e-1       9.873e-6
   1           4284          15818           3577       9.142e-4       2.970e-1       1.549e-6
   1           5786          11285           4902       6.575e-4       3.000e-1       9.919e-6
   1           4416          10489           9013       8.020e-4       2.924e-1       3.189e-6
   1           1953            250          11331       7.260e-4       3.000e-1       2.136e-7
   1           3626          10044           8347       9.454e-4       2.711e-1       9.396e-6
   1           4677          13833           1334       5.769e-4       3.000e-1       9.397e-6
   1           3173          10134           3226       5.736e-4       2.989e-1       1.658e-6
   1           5288          17236           7551       3.888e-4       3.000e-1       1.076e-6
   1           4259          15395           3371       9.247e-4       2.920e-1       5.420e-6
   1           5511          10808           3354       7.785e-4       3.000e-1       2.801e-6
   1           5571           9647           7972       4.449e-4       2.776e-1       7.882e-6
   1           5935           4482           7426       8.643e-4       3.000e-1       8.267e-6
   1           5239          17247           7614       9.937e-4       2.929e-1       1.110e-6
   1           4712          15958           1980       7.556e-4       2.957e-1       4.546e-6
   1           4077          10001           3293       9.706e-4       3.000e-1       6.515e-7
   1           5903           3371           9545       3.177e-4       3.000e-1       2.266e-7
   1           4558           9756           3612       8.942e-4       2.409e-1       6.611e-6
   1           3822          13132          11453       6.909e-4       3.000e-1       1.005e-6
   1           2973           7275          13603       9.796e-4       2.906e-1       1.000e-5
   1           2776          12860          11531       7.601e-4       2.909e-1       9.288e-6
   1           5108          20544          13793       6.119e-4       2.572e-1       8.158e-7
   1           5424           8035           5686       4.775e-4       2.927e-1       1.361e-6
   1           6032           8366           3954       5.581e-4       2.848e-1       1.774e-6
   1           4116          10559          18227       5.018e-4       3.000e-1       9.769e-6
   1           3501           5642           6047       7.136e-4       3.000e-1       4.202e-7
   1           5757           1549           8237       5.405e-4       1.847e-1       7.517e-7
   1           4576          16701           6701       6.900e-4       2.978e-1       1.251e-7
   1           4548          15397          19721       5.498e-4       3.000e-1       9.944e-6
   1           4264          11791          12821       6.885e-4       3.000e-1       1.000e-5
   1           4298          10300           3705       7.654e-4       2.657e-1       1.000e-5
   1           4164          12601           7407       9.760e-4       2.978e-1       5.392e-6
   1           3785          19998           5902       9.594e-4       3.000e-1       8.249e-6
   1           4127          10955           9459       8.048e-4       3.000e-1       9.425e-6
   1           5780          11227          15194       8.934e-4       3.000e-1       7.198e-7
   1           5471           9179           7864       5.241e-4       3.000e-1       9.818e-6
   1           3927          14121           4308       7.024e-4       2.785e-1       4.083e-7
   1           4480          11511           4538       8.918e-4       3.000e-1       1.000e-5
   1           4638          14481           6588       9.560e-4       3.000e-1       1.000e-5
   1           3002           5968           3908       9.086e-4       3.000e-1       8.617e-6
   1           3151         36.827          12902       3.604e-4       3.000e-1       3.242e-6
   1           3874          13697           5689       7.390e-4       3.000e-1       9.233e-6
   1           5097          20474           7620       6.237e-4       3.000e-1       5.493e-6
   1           4868          18499           1411       9.456e-4       3.000e-1       1.897e-6
   1           3399          13328          10155       9.423e-4       3.000e-1       1.296e-6
   1           4430          20063           6274       7.760e-4       3.000e-1       6.511e-6
   1           6252          19238          10078       7.325e-4       3.000e-1       6.163e-7
   1           3960           7910          10994       7.335e-4       3.000e-1       1.000e-5
   1           4357          12560           7937       9.519e-4       2.752e-1       1.000e-5
   1           4438           5509           7583       8.479e-4       3.000e-1       6.938e-6
   1           3894          14350          14381       7.734e-4       3.000e-1       1.000e-5
   1           5118           7541           9733       5.677e-4       3.000e-1       8.579e-7
   1           4168          12203           7756       9.174e-4       2.692e-1       2.871e-7
   1           5528          14848           1249       5.362e-4       3.000e-1       8.733e-6
   1           4815          16433           2182       8.661e-4       2.950e-1       1.000e-5
   1           6805           9981           4213       7.723e-4       2.901e-1       2.371e-7
   1           5123          12035           7234       7.177e-4       3.000e-1       1.000e-5
   1           4651          21460           8550       6.671e-4       3.000e-1       9.807e-6
   1           3954          16830           4337       9.181e-4       2.975e-1       9.437e-6
   1           4754          15277          10373       9.927e-4       2.926e-1       9.827e-6
   1           4755          13861          10962       8.743e-4       2.532e-1       1.844e-6
   1           4887          15162           7563       9.242e-4       3.000e-1       9.534e-6
   1           3264          16142           5819       7.333e-4       2.906e-1       1.883e-7
   1           5841          17108           8945       4.009e-4       3.000e-1       4.364e-6
   1           4164           8280           2258       7.806e-4       2.953e-1       2.274e-6
   1           4521          18089           9947       9.165e-4       3.000e-1       1.292e-6
   1           4918           8273           5504       7.888e-4       2.919e-1       2.929e-6
   1           4170          13115          16472       7.709e-4       2.703e-1       1.664e-6
   1           4644          21126          12086       8.445e-4       3.000e-1       1.606e-6
   1           4933           9901          13828       7.311e-4       3.000e-1       8.543e-6
   1           4527          10579           3932       5.547e-4       2.882e-1       3.185e-7
   1           4613          13616           8499       7.029e-4       3.000e-1       5.863e-6
   1           5156          14602          12647       8.406e-4       2.920e-1       8.218e-6
   1           4626           4279           7338       6.813e-4       3.000e-1       1.000e-5
   1           5077          20627          13974       8.027e-4       2.635e-1       2.948e-6
   1           4234          24228           9481       8.950e-4       3.000e-1       4.138e-7
   1           3797          21552           2933       9.151e-4       2.971e-1       1.000e-5
   1           5358           8190          15713       5.439e-4       3.000e-1       1.000e-5
   1           5050          18008           9245       9.203e-4       3.000e-1       1.000e-5
   1           3665          16784           7058       9.774e-4       2.036e-1       7.279e-6
   1           4025          13559          11345       7.946e-4       2.966e-1       1.000e-5
   1           4813           8491           3511       6.132e-4       2.833e-1       9.842e-6
   1           3452           2745           8832       9.048e-4       2.747e-1       7.512e-6
   1           4812          13291           6293       8.922e-4       3.000e-1       9.136e-6
   1           4753           8664           5780       6.029e-4       2.840e-1       3.397e-6
   1           5196           8215           3803       6.531e-4       2.854e-1       8.253e-6
   1           3909          16685           3992       8.671e-4       2.783e-1       5.672e-6
   1           3519          17146          11030       7.468e-4       2.934e-1       2.764e-6
   1           4705          16869          14768       6.634e-4       2.797e-1       9.329e-6
   1           5505          19207          10028       4.364e-4       2.946e-1       6.538e-6
   1           6044          13483           3465       6.031e-4       3.000e-1       9.606e-6
   1           3653          16777           9466       8.684e-4       2.278e-1       2.805e-6
   1           4616          15198           6128       8.063e-4       2.975e-1       7.777e-6
   1           5712          11415           2380       4.345e-4       2.892e-1       9.803e-6
   1           5020           3522           5542       5.703e-4       3.000e-1       1.370e-6
   1           4005          12102           9325       9.168e-4       3.000e-1       2.855e-6
   1           4803          10308           4831       5.989e-4       3.000e-1       1.830e-6
   1           4251          10537           7812       9.326e-4       3.000e-1       8.396e-6
   1           3185           7880           9082       6.402e-4       2.869e-1       2.696e-7
   1           4633          16052           4866       3.191e-4       3.000e-1       8.888e-6
   1           2933          16158           5846       8.057e-4       3.000e-1       2.288e-6
   1           4011           9131           1283       9.440e-4       2.843e-1       2.888e-6
   1           5083          13040           3289       8.167e-4       3.000e-1       7.485e-7
   1           3571          18439          11132       9.490e-4       3.000e-1       8.150e-6
   1           5537          14017           5794       6.922e-4       3.000e-1       3.910e-7
   1           4138          16265           6397       7.578e-4       3.000e-1       1.000e-5
   1           5525          13388          13013       9.638e-4       2.818e-1       8.924e-7
   1           5137           3854           6845       5.567e-4       2.689e-1       5.123e-6
   1           4691          14032           4866       5.236e-4       2.966e-1       3.499e-7
   1           3490          13145          13032       6.378e-4       3.000e-1       3.956e-6
   1           4102          12754          11198       8.851e-4       2.795e-1       7.105e-6
   1           5765          19268           2665       5.261e-4       3.000e-1       9.005e-6
   1           6497          18097           5856       4.809e-4       2.946e-1       1.000e-5
   1           3563          15874           8525       8.526e-4       3.000e-1       8.846e-6
   1           4537          16327          10721       8.516e-4       3.000e-1       3.758e-6
   1           3681           5154           9646       9.382e-4       3.000e-1       1.072e-6
   1           4981          16056         53.239       5.440e-4       3.000e-1       2.284e-7
   1           5953          19168           3062       7.472e-4       3.000e-1       7.524e-6
   1           2875          11121           6949       9.645e-4       2.931e-1       1.007e-6
   1           4183          20087           9046       7.745e-4       2.809e-1       1.464e-6
   1           4642          19960           4855       6.548e-4       3.000e-1       5.904e-6
   1           6338          10486          12067       4.571e-4       3.000e-1       9.270e-6
   1           4490          10227          16403       8.380e-4       2.314e-1       1.000e-5
   1           3471          14315           8069       9.385e-4       2.899e-1       8.698e-6
   1           4042           6781           3072       7.752e-4       3.000e-1       9.672e-6
   1           4885          10433           5174       7.565e-4       3.000e-1       7.110e-8
   1           2778          14494          12240       9.758e-4       3.000e-1       4.309e-6
   1           5740           1095           5346       6.843e-4       3.000e-1       5.866e-6
   1           4129           9882            427       6.705e-4       3.000e-1       9.292e-6
   1           3307           4662          13138       5.950e-4       2.860e-1       1.000e-5
   1           4451          10673          15288       8.007e-4       2.149e-1       6.820e-6
   1           3869           4029           6371       9.556e-4       2.947e-1       9.876e-7
   1           4086          16057           3509       9.363e-4       3.000e-1       9.397e-7
   1           5625           5495          12204       9.278e-4       3.000e-1       8.118e-6
   1           3959          10190          13034       4.108e-4       3.000e-1       4.446e-6
   1           3745          14349           6303       9.364e-4       3.000e-1       6.934e-6
   1           4874          16598           2754       8.192e-4       3.000e-1       8.542e-6
   1           5160          10412           8147       7.075e-4       3.000e-1       9.744e-6
   1           3164           7122           8356       1.000e-3       3.000e-1       9.739e-6
   1           3046           1123          10027       6.869e-4       2.810e-1       2.990e-6
   1           4611           9115          17005       9.312e-4       2.093e-1       6.670e-6
   1           5099          10023          22016       7.663e-4       3.000e-1       1.811e-6
   1           4951          12247           6952       8.937e-4       2.050e-1       8.458e-6
   1           4156           6121          17632       6.970e-4       2.953e-1       2.884e-6
   1           3985          10826           8823       6.713e-4       3.000e-1       1.000e-5
   1           4516          11472          10312       8.868e-4       2.415e-1       6.177e-6
   1           6526           8455           4067       5.815e-4       3.000e-1       8.750e-6
   1           4340          10234           5591       8.706e-4       3.000e-1       1.000e-5
   1           4577          18821           7294       6.490e-4       3.000e-1       1.000e-5
   1           4672           4482           9194       7.659e-4       2.399e-1       2.467e-6
   1           5652           9679           2478       7.311e-4       3.000e-1       7.099e-6
   1           3977          11889           8543       7.339e-4       3.000e-1       9.811e-6
   1           5626           9432           6374       7.522e-4       2.733e-1       4.513e-6
   1           4827           7327          20542       7.494e-4       3.000e-1       6.378e-7
   1           4925          12596           4616       7.056e-4       3.000e-1       6.821e-6
   1           4743          14840          18587       6.418e-4       3.000e-1       9.323e-6
   1           3824          17538           6542       9.815e-4       3.000e-1       6.657e-6
   1           4960          22414          11002       6.329e-4       2.854e-1       7.670e-6
   1           6097          14907           2926       6.784e-4       3.000e-1       9.989e-6
   1           4892          20254           6085       5.233e-4       3.000e-1       9.831e-6
   1           4448           3381          13014       3.664e-4       2.570e-1       9.676e-6
   1           4329          23655           4909       8.706e-4       3.000e-1       3.148e-6
   1           4978          15200            875       7.408e-4       2.934e-1       9.210e-6
   1           4664           8470           4894       3.324e-4       3.000e-1       1.000e-5
   1           3387           4239          11543       8.808e-4       2.903e-1       9.383e-6
   1           3988           8791           2516       6.268e-4       3.000e-1       8.408e-6
   1           4688           3978          15644       8.634e-4       2.794e-1       7.489e-6
   1           4566           4466           8642       7.205e-4       3.000e-1       8.767e-7
   1           5663          12599          10937       7.584e-4       2.972e-1       1.592e-7
   1           3745          20555           5411       7.795e-4       2.923e-1       8.854e-6
   1           4507          12385           1118       8.980e-4       2.802e-1       3.468e-6
   1           4085          10268          10034       7.197e-4       3.000e-1       4.156e-6
   1           4764          10938           6452       9.140e-4       3.000e-1       8.466e-6
   1           4325          18639           1450       4.966e-4       2.693e-1       1.765e-7
   1           3822           8355           8366       8.441e-4       3.000e-1       4.446e-6
   1           4784           4005          11467       5.227e-4       2.968e-1       3.188e-7
   1           3473          14319          11444       9.394e-4       3.000e-1       6.131e-6
   1           4300           8506          13442       6.427e-4       1.790e-1       1.239e-6
   1           3801          12756           2794       7.305e-4       3.000e-1       3.899e-6
   1           4290          11599           6455       8.785e-4       2.812e-1       9.210e-6
   1           3041          12740           7634       9.229e-4       3.000e-1       3.578e-7
   1           3154          11717           6167       7.467e-4       3.000e-1       1.076e-7
   1           3903           7333           6875       9.589e-4       2.892e-1       9.433e-6
   1           4678          12523           4665       9.212e-4       2.416e-1       2.964e-6
   1           6775          18822          11546       4.333e-4       3.000e-1       1.129e-6
   1           4790          18999          13369       7.162e-4       2.929e-1       9.419e-6
   1           6088          10102          14405       4.782e-4       3.000e-1       3.074e-6
   1           4838          16132          16684       8.077e-4       3.000e-1       5.290e-7
   1           6103           9351          12410       8.451e-4       3.000e-1       9.435e-8
   1           4194           9675           3462       8.146e-4       3.000e-1       1.453e-6
   1           4638          16301          18419       6.174e-4       3.000e-1       3.923e-6
   1           4707          20415           8482       8.237e-4       3.000e-1       2.569e-6
   1           4873           7796          12247       9.335e-4       3.000e-1       2.791e-6
   1           5367          10878          13033       9.461e-4       2.948e-1       9.731e-6
   1           5067          11947           3955       7.514e-4       2.997e-1       9.783e-6
   1           4209          18569           2829       7.735e-4       2.909e-1       3.925e-7
   1           4528          13512           2425       8.839e-4       3.000e-1       7.236e-6
   1           3848           6358          10056       6.515e-4       2.983e-1       6.011e-6
   1           5707          18518           5701       8.240e-4       2.315e-1       5.465e-6
   1           4241          14377          10955       8.357e-4       2.164e-1       9.420e-6
   1           6084           6082           6444       3.683e-4       2.623e-1       9.695e-6
   1           3416           9337          10573       8.958e-4       3.000e-1       9.704e-6
   1           4277          11436           5786       9.294e-4       2.897e-1       1.000e-5
   1           3641          15988          10285       5.618e-4       2.949e-1       4.383e-6
   1           5257          15114          13421       8.382e-4       2.712e-1       9.922e-7
   1           4088          21805           1516       8.692e-4       3.000e-1       4.098e-6
   1           5473          14908           7366       5.405e-4       2.934e-1       4.377e-6
   1           5514           9577          16379       7.782e-4       2.162e-1       8.287e-6
   1           5480          11501           4171       6.036e-4       3.000e-1       6.793e-6
   1           4525          13510         47.934       8.951e-4       2.934e-1       9.493e-6
   1           4889          14255           6127       7.328e-4       2.918e-1       3.059e-6
   1           5848          15318          14861       7.075e-4       2.765e-1       9.778e-6
   1           3700          16724           1794       6.768e-4       2.943e-1       2.118e-6
   1           5229           3503          13000       7.560e-4       2.432e-1       9.628e-6
   1           5167          11789          11725       7.681e-4       3.000e-1       5.770e-6
   1           6929          15755          11991       7.980e-4       2.966e-1       6.446e-6
   1           4788          12149           4885       9.218e-4       2.967e-1       4.848e-6
   1           4371           6507           6755       9.896e-4       2.901e-1       2.542e-6
   1           6885           8746           5342       6.179e-4       2.991e-1       5.371e-6
   1           6809           7001           4461       7.748e-4       2.847e-1       9.105e-6
   1           4232          12938          11381       7.671e-4       2.976e-1       4.531e-6
   1           4654          13038           7895       8.762e-4       3.000e-1       3.718e-6
   1           5002          14528          11004       9.716e-4       2.928e-1       8.813e-6
   1           4484           4804           5703       8.794e-4       2.789e-1       8.990e-6
   1           5855           5680           9723       6.230e-4       1.928e-1       1.000e-5
   1           6358          11860           3097       5.086e-4       2.938e-1       1.037e-6
   1           4538          14193          11891       8.710e-4       2.691e-1       1.000e-5
   1           5782          17131          14668       6.449e-4       2.913e-1       5.292e-6
   1           5176           9550          14779       5.163e-4       2.983e-1       1.000e-5
   1           3980           7909          16255       6.701e-4       3.000e-1       1.000e-5
   1           4321          14226          12234       6.470e-4       2.982e-1       1.000e-5
   1           4963           6389          14915       8.520e-4       2.793e-1       9.591e-6
   1           5636          19230           4502       6.871e-4       2.415e-1       7.444e-6
   1           5102          10982           8686       8.462e-4       3.000e-1       5.343e-7
   1           5413          13435           4941       5.901e-4       3.000e-1       8.107e-6
   1           4132          16879           3508       5.473e-4       3.000e-1       4.879e-6
   1           2999          11348           8570       7.911e-4       3.000e-1       1.000e-5
   1           3836          12847          12641       9.927e-4       3.000e-1       1.000e-5
   1           5495          14095           8926       5.480e-4       3.000e-1       3.173e-7
   1           4879           8483          11952       6.524e-4       3.000e-1       7.702e-7
   1           3785           7413           5395       7.165e-4       2.939e-1       9.744e-6
   1           2979          10847          13979       9.014e-4       2.917e-1       1.000e-5
   1           5066          14116          13642       9.229e-4       3.000e-1       4.993e-7
   1           5024          14645          15379       8.307e-4       3.000e-1       4.239e-6
   1           3040          10922          14395       8.954e-4       2.753e-1       1.162e-6
   1           3337          14874           2880       5.733e-4       3.000e-1       9.035e-6
   1           5573           8798           2738       7.679e-4       3.000e-1       6.708e-6
   1           3747          12913           2018       8.099e-4       3.000e-1       1.640e-6
   1           4891          13775           5119       8.196e-4       3.000e-1       4.562e-6
   1           4284          12970            223       8.787e-4       3.000e-1       3.564e-6
   1           5465          18690           2570       5.378e-4       3.000e-1       8.191e-6
   1           4655          12220            699       7.135e-4       3.000e-1       9.429e-6
   1           5076          17834          10724       6.711e-4       2.526e-1       2.284e-6
   1           3445          14388           2670       7.137e-4       2.821e-1       1.000e-5
   1           3938          13492          11090       5.824e-4       3.000e-1       1.000e-5
   1           5151           8870           9591       7.536e-4       2.975e-1       1.000e-5
   1           4147           5081          10639       7.237e-4       2.947e-1       6.783e-6
   1           5456          18630          11099       7.405e-4       2.872e-1       3.991e-6
   1           5175          11757           3607       4.293e-4       3.000e-1       9.622e-6
   1           4849           6298           7326       8.965e-4       3.000e-1       9.954e-6
   1           2395          23304           2518       8.507e-4       3.000e-1       5.147e-6
   1           5107           9616           4213       6.922e-4       3.000e-1       3.067e-6
   1           4469           4682           3834       6.527e-4       3.000e-1       1.000e-5
   1           4130           8795           7565       8.385e-4       2.988e-1       9.661e-6
   1           3844          14596          13197       9.078e-4       3.000e-1       8.766e-6
   1           4870          13946           7928       4.328e-4       3.000e-1       1.000e-5
   1           4753          11147          13883       7.594e-4       2.724e-1       1.020e-6
   1           4120           7062           9664       8.703e-4       3.000e-1       7.530e-6
   1           3228          13007           6365       9.324e-4       3.000e-1       1.000e-5
   1           4732          18608           5743       9.786e-4       3.000e-1       4.704e-6
   1           6315           9386           6279       9.753e-4       3.000e-1       5.485e-6
   1           3952          14351           4578       8.082e-4       3.000e-1       1.190e-6
   1           4162           2273           1904       9.413e-4       3.000e-1       1.000e-5
   1           4016           4722           7992       6.123e-4       3.000e-1       2.682e-6
   1           4245          12370           9388       7.140e-4       3.000e-1       5.014e-7
   1           4380          10944           4814       7.906e-4       3.000e-1       3.606e-6
   1           4359          17908            701       6.119e-4       2.946e-1       1.000e-5
   1           4559          15638           4756       9.742e-4       2.965e-1       2.248e-7
   1           5627           8845           5655       9.275e-4       3.000e-1       1.000e-5
   1           5330          14547           6295       8.483e-4       3.000e-1       9.557e-6
   1           4393          14646          11649       8.553e-4       2.852e-1       1.000e-5
   1           4067           8233          13638       8.279e-4       3.000e-1       1.000e-5
   1           4947          12513           3117       5.792e-4       3.000e-1       1.000e-5
   1           3249          19489           6421       9.641e-4       3.000e-1       1.593e-6
   1           5294          15523           7784       8.774e-4       3.000e-1       1.667e-7
   1           4183          16495           3622       8.633e-4       3.000e-1       8.637e-6
   1           3690           6112          11232       9.114e-4       3.000e-1       9.862e-6
   1           5007          16278          10528       7.999e-4       2.829e-1       3.285e-6
   1           3712          12036          10549       9.888e-4       3.000e-1       5.398e-6
   1           5044          19797           9262       8.048e-4       2.912e-1       1.017e-6
   1           4689          23452          16840       7.368e-4       3.000e-1       1.153e-6
   1           3979          11352           7851       5.719e-4       3.000e-1       7.879e-6
   1           4460          19967           3439       9.557e-4       3.000e-1       8.402e-6
   1           4779          12050           9014       7.900e-4       3.000e-1       2.396e-6
   1           4463          14376          13713       9.295e-4       3.000e-1       2.153e-7
   1           3226          15516           9538       6.633e-4       2.910e-1       9.857e-6
   1           3352           3812           5640       9.419e-4       3.000e-1       8.565e-6
   1           4633           9806          16382       7.994e-4       3.000e-1       9.926e-6
   1           3917          17193           7843       9.281e-4       3.000e-1       5.730e-6
   1           5528           8112           5794       5.721e-4       2.905e-1       5.139e-6
   1           5312          16003          13605       6.531e-4       3.000e-1       7.944e-6
   1           4853           5953           5608       7.224e-4       3.000e-1       1.000e-5
   1           5322          14414           2679       5.104e-4       3.000e-1       9.562e-6
   1           6001           7482           7237       6.115e-4       3.000e-1       1.508e-7
   1           5728          19515           3950       8.561e-4       3.000e-1       9.101e-6
   1           4962          18963           2598       7.919e-4       3.000e-1       2.926e-6
   1           5799          14118          10558       6.475e-4       3.000e-1       6.869e-6
   1           4905           9154           5863       7.444e-4       3.000e-1       1.000e-5
   1           6377          12137           9779       5.738e-4       3.000e-1       9.003e-7
   1           4068          10190           8117       8.874e-4       3.000e-1       3.710e-6
   1           5826          20357           5481       4.539e-4       2.982e-1       1.000e-5
   1           4745           7102           4460       8.093e-4       2.957e-1       9.074e-6
   1           5528          12698           4550       8.992e-4       3.000e-1       3.012e-6
   1           6084          10563           3723       8.907e-4       3.000e-1       1.621e-6
   1           3364          13350           1120       7.420e-4       3.000e-1       1.000e-5
   1           5149          21764           6483       9.275e-4       2.830e-1       1.000e-5
   1           3954           3607          16622       8.605e-4       3.000e-1       5.509e-7
   1           4726          13519           7762       8.394e-4       2.916e-1       1.000e-5
   1           3392          16074            131       9.016e-4       3.000e-1       9.652e-6
   1           3793          12388          13251       6.296e-4       2.937e-1       2.631e-6
   1           4377          11366           6790       7.995e-4       3.000e-1       1.000e-5
   1           6085           8011          13079       7.148e-4       2.860e-1       3.088e-7
   1           1983            429           9274       7.269e-4       2.430e-1       1.000e-5
   1           4172          11182          10216       7.675e-4       3.000e-1       7.857e-7
   1           4166          14791           6725       9.732e-4       2.912e-1       4.890e-6
   1           2153           1588          11791       8.266e-4       2.868e-1       2.083e-6
   1           5185          12563           7683       8.334e-4       2.972e-1       5.211e-6
   1           6203           9483           9091       7.687e-4       2.749e-1       7.158e-6
   1           5746           9699           9826       5.099e-4       2.995e-1       9.111e-8
   1           5304           8824           4202       9.627e-4       3.000e-1       8.517e-7
   1           3966           5945           7615       9.604e-4       2.986e-1       6.842e-6
   1           4437          17274          10553       7.644e-4       2.678e-1       1.000e-5
   1           5073          13565          11786       7.467e-4       3.000e-1       6.134e-6
   1           4975          11418          10076       7.731e-4       2.609e-1       1.791e-7
   1           3952          18763          13227       9.545e-4       2.934e-1       4.849e-6
   1           5056          16079          12378       8.736e-4       3.000e-1       2.647e-6
   1           3782          19715          12535       7.024e-4       3.000e-1       1.000e-5
   1           6202          14668           7297       9.521e-4       2.185e-1       4.198e-7
   1           3171          14716          13003       8.080e-4       2.623e-1       5.271e-6
   1           5864          20621           6687       4.066e-4       2.846e-1       1.247e-6
   1           5262           9289           8356       9.162e-4       2.895e-1       1.000e-5
   1           3753          16930          12326       6.585e-4       3.000e-1       1.859e-6
   1           3568          13173            776       8.776e-4       3.000e-1       4.365e-7
   1           4522          14348           4906       8.080e-4       2.895e-1       8.281e-6
   1           4947          17409           4058       6.738e-4       3.000e-1       6.282e-6
   1           3990           7355           8359       9.486e-4       3.000e-1       8.769e-6
   1           5281           7937           2403       4.230e-4       3.000e-1       1.000e-5
   1           4069           8487          13564       9.341e-4       2.397e-1       3.417e-6
   1           3959           4084          10105       7.320e-4       2.958e-1       9.910e-6
   1           4903          21639           2982       5.308e-4       3.000e-1       2.131e-6
   1           5876          10096           6031       7.712e-4       3.000e-1       6.268e-6
   1           5297          12147           8587       7.034e-4       3.000e-1       9.880e-6
   1           3486          12046          12337       9.442e-4       3.000e-1       7.139e-6
   1           4575          24749           1914       8.522e-4       3.000e-1       2.481e-6
   1           5988          17035           5759       7.693e-4       3.000e-1       6.696e-6
   1           5347           8407           8341       8.253e-4       2.272e-1       1.472e-6
   1           3368          15430           2270       8.867e-4       2.989e-1       2.847e-7
   1           6079          19280           9708       4.296e-4       3.000e-1       8.740e-6
   1           4826          18809           6788       6.704e-4       3.000e-1       8.842e-6
   1           5630          13582           3903       5.817e-4       3.000e-1       9.938e-6
   1           5495          20608           8292       6.551e-4       2.197e-1       6.682e-6
   1           5296          16241           2355       8.792e-4       3.000e-1       4.970e-7
   1           3960           3816           2853       7.146e-4       3.000e-1       9.981e-6
   1           4933          16050          14239       8.887e-4       3.000e-1       6.637e-6
   1           4893          18356          16114       8.194e-4       3.000e-1       4.687e-6
   1           4103           5550          13953       6.931e-4       2.772e-1       7.699e-6
   1           3877          15301           4250       9.061e-4       3.000e-1       9.260e-6
   1           6259          11146           8100       7.346e-4       1.780e-1       1.396e-6
   1           4736          13114          13681       8.524e-4       2.804e-1       2.704e-6
   1           5490          15744           8823       7.104e-4       3.000e-1       6.534e-6
   1           3604           9629           7329       9.267e-4       2.796e-1       9.330e-6
   1           4626           8177           4653       9.554e-4       2.948e-1       1.561e-6
   1           6664          13260           5584       7.746e-4       3.000e-1       1.000e-5
   1           5306           6568          20007       6.365e-4       3.000e-1       7.828e-6
   1           4408          14053           3530       9.068e-4       2.870e-1       1.218e-6
   1           5571           4989           5858       8.937e-4       1.400e-1       2.297e-6
   1           4311          18605          11495       4.937e-4       3.000e-1       1.000e-5
   1           5517          12285           8645       5.490e-4       3.000e-1       1.000e-5
   1           2918          15144          13935       8.040e-4       3.000e-1       9.225e-6
   1           3122          10288          19739       8.440e-4       2.924e-1       1.000e-5
   1           4959          16014           1435       9.354e-4       3.000e-1       2.153e-6
   1           3506          16217           2141       9.028e-4       3.000e-1       8.930e-6
   1           6084           6408          11056       8.632e-4       3.000e-1       1.000e-5
   1           4593           4640           4694       3.810e-4       3.000e-1       1.000e-5
   1           4715           6618           3901       9.870e-4       3.000e-1       9.907e-6
   1           3945          10138           2703       9.880e-4       3.000e-1       1.036e-6
   1           5218           1810           9749       3.244e-4       3.000e-1       1.000e-5
   1           3949          14838          11527       9.258e-4       3.000e-1       8.950e-6
   1           5133          16068           6208       6.691e-4       3.000e-1       3.783e-7
   1           3078           2160           6441       8.976e-4       3.000e-1       9.158e-6
   1           4164          10643           2860       9.442e-4       3.000e-1       1.125e-6
   1           5177          11693           5164       9.634e-4       2.964e-1       1.000e-5
   1           5228           2258          10530       7.165e-4       3.000e-1       8.426e-6
   1           5401          12988          11376       4.252e-4       2.778e-1       1.000e-5
   1           5263          10143           6106       6.960e-4       2.921e-1       1.615e-6
   1           4405           3938           6051       8.464e-4       1.618e-1       6.252e-6
   1           5663          10222           3589       6.801e-4       3.000e-1       9.425e-6
   1           4649          10787          14192       8.438e-4       2.868e-1       3.646e-6
   1           4621           9307           4283       6.586e-4       3.000e-1       8.938e-6
   1           5726           9718          16885       8.839e-4       2.084e-1       1.505e-6
   1           5188          12171          13513       7.903e-4       2.950e-1       6.495e-6
   1           3250          13946          10601       9.743e-4       3.000e-1       9.784e-6
   1           6396           8172           5694       4.197e-4       3.000e-1       1.000e-5
   1           5448          13198          11346       5.646e-4       2.401e-1       9.524e-6
   1           5045          12443           8605       6.479e-4       3.000e-1       7.111e-6
   1           3359          11559           8494       8.494e-4       2.923e-1       4.722e-6
   1           4411          12048          15543       9.700e-4       3.000e-1       8.687e-6
   1           6756          16443           4771       2.043e-4       3.000e-1       6.478e-8
   1           4952           4399           5637       4.830e-4       2.976e-1       1.627e-7
   1           5424          11818          15602       5.296e-4       3.000e-1       4.993e-6
   1           5635          16628          11698       3.995e-4       3.000e-1       1.000e-5
   1           3848          12913           6461       8.823e-4       3.000e-1       9.140e-6
   1           2865          13442           2452       9.386e-4       2.985e-1       8.168e-6
   1           3275          11866           6604       9.476e-4       3.000e-1       2.377e-6
   1           4219          13492          16486       9.704e-4       3.000e-1       9.125e-6
   1           4782          15841          13934       6.296e-4       2.962e-1       9.078e-6
   1           4694          12095           9597       9.437e-4       3.000e-1       5.482e-6
   1           4914           9841          14400       6.754e-4       2.967e-1       9.192e-6
   1           4265          12014            983       6.469e-4       3.000e-1       9.203e-6
   1           4236          12156          27775       5.473e-4       3.000e-1       3.875e-6
   1           4106           9036           1945       6.778e-4       3.000e-1       3.039e-6
   1           4350           9973           6976       9.767e-4       2.924e-1       4.076e-6
   1           4923          17676           7762       5.958e-4       2.708e-1       1.000e-5
