0.4342298 6.026905
0.4350788 5.013076
0.4627052 5.268348
0.4634666 6.751038
0.4661447 6.379335
0.4690737 6.358964
0.4722883 4.568115
0.4724447 4.703829
0.4727905 4.347985
0.4737473 4.912086
0.4751762 4.53223
0.4761835 4.267651
0.4841976 4.347622
0.4857787 5.108406
0.4861301 5.376925
0.4875791 4.508626
0.4889204 5.209751
0.4892445 6.340032
0.4896539 4.717403
0.4918751 3.343324
0.4920577 3.770227
0.4933942 4.540215
0.4939455 3.756424
0.4950086 5.19014
0.5008326 4.8102
0.5022221 5.059504
0.5046325 4.212524
0.5050452 4.370456
0.5078012 4.566852
0.5091648 4.272109
0.5123258 5.377466
0.5141087 5.350508
0.5146475 6.331965
0.5176881 6.149284
0.5181312 4.972114
0.5190982 3.772546
0.5201072 4.629803
0.5231299 3.298562
0.5237988 4.237958
0.5246727 5.831263
0.5258267 4.524374
0.5284149 4.228464
0.5308015 4.875329
0.5316064 3.790866
0.5328645 3.687096
0.5369897 4.455783
0.53786 3.955916
0.5382664 4.608263
0.5386839 5.765678
0.5437505 4.883781
0.5473374 5.301758
0.547355 4.310735
0.5491332 3.938391
0.5513791 4.039389
0.5516361 5.2673
0.551707 3.133027
0.5518413 4.796268
0.5547709 5.329577
0.5551458 4.45626
0.5559199 3.486462
0.5566323 5.225093
0.5576227 5.387069
0.5578229 5.384188
0.5587689 3.743803
0.5602237 4.177055
0.5608863 4.49818
0.5633291 7.065815
0.565516 3.238708
0.5662442 4.464191
0.5667661 5.387069
0.5668048 6.236494
0.568946 7.101791
0.570513 5.275803
0.5749003 3.626116
0.5763319 3.167548
0.5770726 4.625105
0.5786575 5.254721
0.5792477 4.334855
0.5795331 2.851016
0.5798108 5.146129
0.5799298 3.881827
0.5799932 5.494299
0.5813744 3.460922
0.5814776 5.203842
0.5815643 4.175549
0.5820432 3.605281
0.5822688 3.523194
0.5823715 5.345556
0.5826185 4.682444
0.584155 5.955395
0.5856522 2.914292
0.5877261 4.528245
0.5879808 5.465477
0.5903995 3.625658
0.5905892 4.798122
0.5911548 3.563798
0.5922685 4.025761
0.5930782 3.666573
0.5943863 3.201954
0.5947473 5.251452
0.5957603 4.652745
0.5961063 5.438385
0.5982305 4.401487
0.5983264 5.082606
0.6006609 4.088862
0.6013024 4.089744
0.6017742 4.849135
0.6019256 5.387069
0.6021754 5.132384
0.6025389 3.366264
0.6026784 5.401962
0.6034908 4.708057
0.6042376 5.387069
0.6044759 5.387069
0.604516 4.020213
0.6078561 4.182573
0.6085064 3.616654
0.6087771 3.698364
0.6090301 6.006192
0.6106001 4.254322
0.6108913 4.358669
0.6109866 4.051358
0.6110328 4.553978
0.6110445 3.55565
0.6112597 5.250705
0.6126703 3.55257
0.6129812 4.598446
0.6142519 3.786249
0.6149652 3.150231
0.6167322 5.349665
0.6175576 5.358893
0.6179399 3.782133
0.6200122 3.47595
0.6203958 5.013593
0.6206297 3.940352
0.6219958 3.134804
0.6236532 5.017747
0.6237444 3.982619
0.6238787 5.250277
0.6249611 2.873979
0.625149 4.587663
0.6257484 3.150231
0.6264142 5.542915
0.6282569 5.206573
0.6285652 4.814455
0.6286863 4.727564
0.6306145 3.72234
0.6327169 4.007437
0.6328412 5.583924
0.6329254 6.593002
0.6332736 4.698202
0.6335538 5.783562
0.6347846 3.771519
0.6366329 4.228376
0.6368828 3.949812
0.640097 4.074495
0.6408556 5.551785
0.6409486 5.387069
0.6415441 3.863654
0.6424071 3.487765
0.6424276 4.010835
0.6424914 4.449129
0.6428126 4.650018
0.644374 4.842978
0.645085 4.486985
0.6460358 4.90735
0.6465063 4.090632
0.648212 4.305379
0.6486566 5.343981
0.6503299 3.619419
0.6505748 4.078223
0.6510084 3.581096
0.651248 4.191486
0.6538217 4.91931
0.6541122 4.223669
0.656871 2.818387
0.6570274 4.126818
0.6582683 5.255543
0.6607256 4.009701
0.6615805 2.625149
0.6623447 3.78782
0.663011 4.47515
0.6632241 5.277466
0.6636705 3.785216
0.6647103 4.034822
0.6662492 3.150231
0.6671473 3.760359
0.6695047 5.260078
0.6696134 5.2975
0.6697762 3.483904
0.6705268 3.150231
0.6718783 3.682775
0.6719498 4.576202
0.673407 3.150231
0.6738553 2.96229
0.6753036 3.900155
0.6762362 3.050366
0.6763631 3.896471
0.6764753 3.791354
0.6775332 3.516769
0.6780042 3.511086
0.6784501 5.002145
0.6785119 3.494527
0.6803173 2.601614
0.6816019 5.239594
0.6818021 4.960722
0.6829415 4.819188
0.683313 4.292104
0.6843541 5.020617
0.6863358 4.101592
0.6880697 3.150231
0.6887823 4.121456
0.6896122 3.668729
0.692383 3.825398
0.6925456 4.004403
0.6926567 5.050626
0.6941733 3.805111
0.6953651 2.763607
0.6986762 4.001928
0.7002794 3.733279
0.7004986 4.255524
0.7009543 4.785042
0.7018791 4.537581
0.7038479 5.149303
0.7054972 2.921659
0.7082131 4.484173
0.7097567 5.124353
0.709934 4.579314
0.7119207 3.178758
0.7128985 3.683793
0.7137257 5.020337
0.7196467 3.41674
0.7209221 3.85235
0.7235548 4.283356
0.7244262 4.652596
0.7283486 3.978593
0.7317409 5.098647
0.7393066 3.968517
0.7398282 3.794275
0.7423964 4.049015
0.7462574 4.165774
0.7484898 3.770927
0.74932 2.769204
0.7511228 3.727256
0.7569493 4.007873
0.7576193 3.871714
0.7594686 3.589052
0.7610744 3.461994
0.7613145 3.679847
0.7661081 3.770783
# initCovFnParam= 0.442761036836464 4.30072353232559 4
