## Wed Apr 20 14:28:14 2022; Sample: 1; # of loci: 8; NrunsPerPoint=50;
## pointmin=1  pointmax=250 out of PointNumber=250
0.01523138 7.415209 102.78854 31.821257 116.20515 70.080879 70.906578 45.047424 25.789764 63.808949 526.44855 
0.01977052 0.02478753 235.39856 54.704811 267.66943 147.91713 130.64076 73.310303 12.367548 134.17896 1056.1875 
0.02065535 5.079078 110.34045 30.473541 124.45856 72.598633 67.792641 42.107643 21.163801 66.599213 535.53442 
0.02082545 1.196516 141.7417 33.087032 164.41167 87.81813 74.662216 49.086647 12.576325 84.246185 647.63 
0.02556188 2.522146 121.06421 30.430632 143.84918 79.999016 65.226166 45.734764 15.640808 74.9552 576.90002 
0.02725258 3.676716 113.47155 29.927809 136.076 75.849197 66.573936 43.786953 18.245361 68.196617 552.12738 
0.03230163 4.391482 109.35883 30.274977 130.21892 73.987053 63.324814 43.70742 19.892815 67.197884 537.96277 
0.03516529 9.966741 93.856461 32.991825 110.57269 67.934433 71.82058 44.601494 30.927742 60.196091 512.90131 
0.03812902 9.237794 93.408005 32.22197 109.70265 68.319481 70.909775 44.152981 29.563089 60.90583 509.18378 
0.03832404 5.673684 104.36639 30.173429 120.98161 69.638763 66.855011 42.534161 22.645449 64.223907 521.4187 
0.04332771 6.09624 102.52535 30.531921 114.40228 70.746742 67.002708 43.356434 23.641985 60.512466 512.71991 
0.04386588 1.426099 133.09952 31.886513 157.15065 86.363213 72.577415 47.285801 13.285983 79.010727 620.65985 
0.05111006 8.468843 98.728859 31.762339 112.49359 65.315231 68.122185 44.771744 28.347778 61.441051 510.98279 
0.05538419 8.131689 97.734406 31.401024 110.78141 68.428627 68.302963 44.022758 27.943705 60.705048 509.31995 
0.0578378 6.479848 101.14808 30.670418 111.45455 68.925896 65.184479 44.264423 24.494289 62.65406 508.7962 
0.06142006 6.893852 100.82737 30.876907 113.63555 67.934196 66.997528 44.170311 25.440691 61.76992 511.65253 
0.06694614 2.88416 114.65957 29.620701 134.27174 78.238075 64.673912 43.750771 16.799894 68.440933 550.45557 
0.06865773 4.113415 110.18845 29.534891 127.45403 70.467667 62.994217 43.794407 19.58382 66.120522 530.138 
0.07530542 9.546749 94.214218 32.63485 107.77551 67.472061 68.814011 45.347073 31.014961 59.148426 506.42111 
0.07718112 1.918583 123.08031 30.088289 139.53131 80.265167 67.960312 43.558571 14.550558 72.855537 571.89001 
0.08093699 3.009934 114.43344 29.464949 130.75406 75.658752 64.779907 41.773361 17.212444 68.420578 542.4975 
0.08211828 0.7824373 141.61079 33.371658 164.84805 91.979843 71.770782 46.868633 11.904289 83.834816 646.1889 
0.08672873 2.525209 118.66267 29.44939 135.19537 75.703979 64.610008 43.378452 16.06267 69.026886 552.08948 
0.08850705 8.69799 93.345154 31.673452 107.27485 67.874626 67.217567 44.752541 29.513578 59.278748 500.93051 
0.08895623 6.452745 98.425804 30.140362 113.66227 67.959389 62.718842 43.972256 24.954762 60.751152 502.58484 
0.08895623 6.452745 98.037239 30.295755 113.79229 68.407623 65.292114 43.503441 25.019646 61.275272 505.62338 
0.09097286 0.2451855 161.57019 38.875595 185.52115 104.69113 84.518661 51.56609 11.10079 96.093422 733.93701 
0.09722262 7.477523 95.977631 31.320992 110.63367 68.868797 64.2985 43.480583 27.209661 59.550789 501.34061 
0.1069842 3.852385 106.82835 29.231899 122.17298 71.786957 62.68364 42.511288 19.426554 64.712006 519.3537 
0.1094732 5.741072 99.732971 30.032061 115.42178 69.232025 61.603645 42.588654 23.694042 61.138863 503.444 
0.123271 5.121627 102.06844 29.325367 115.76117 70.141609 61.645061 41.93438 22.459158 62.119923 505.45511 
0.1272498 8.628297 92.873497 31.820103 105.91206 67.661911 65.852783 43.52343 30.171522 58.276451 496.09177 
0.1280698 4.533582 105.0501 29.290085 119.37999 70.773125 58.967281 42.191837 21.25391 62.530872 509.43719 
0.1281686 7.088049 94.930733 30.809137 107.49551 67.048241 63.251141 42.605778 26.841484 59.836452 492.81848 
0.1287918 4.821428 102.12039 29.503237 116.0812 71.22879 62.367313 42.003983 21.824402 61.808338 506.93768 
0.1321752 2.864289 111.54988 28.971441 127.80985 74.308632 61.034847 41.181656 17.291807 66.567139 528.71527 
0.1350776 8.118737 93.439384 31.582167 106.63812 67.150078 64.142471 42.55611 29.208559 58.640266 493.35715 
0.1473012 0.1864509 161.17953 39.163124 184.14085 106.49255 80.495956 49.752396 11.215623 95.889755 728.32983 
0.1494687 2.278707 114.22654 28.91464 131.019 76.568459 60.607567 41.070992 15.926822 68.153229 536.48718 
0.1517558 5.69978 99.480919 29.686527 111.92806 68.900475 61.027161 41.303616 24.192818 59.773739 496.29333 
0.1539568 4.501684 99.345093 29.038214 113.69753 70.193253 59.273228 40.423309 21.377541 61.981953 495.33011 
0.1591727 6.630136 95.225555 30.487328 106.35751 68.2117 61.264011 42.512699 26.428802 59.01207 489.49969 
0.1613752 9.97269 91.129852 33.58012 101.64886 65.917419 65.516411 45.656136 33.429268 56.795601 493.67365 
0.163249 9.205476 92.643661 32.512535 102.69751 65.554665 65.624916 44.609371 32.063854 57.034061 492.74054 
0.1646988 1.27911 123.64565 30.380739 140.4881 81.85218 63.70842 41.875858 13.418743 73.051193 568.42084 
0.165488 6.86751 95.88092 30.625826 106.20213 67.05468 59.89703 43.104504 27.061401 58.810577 488.63705 
0.1710598 1.507726 121.44762 29.70075 136.63441 80.948051 63.375698 40.934414 14.057565 71.679451 558.77795 
0.1737464 1.293863 123.40542 30.125048 139.26704 81.032669 60.335606 41.103142 13.465134 73.150307 561.8844 
0.1740356 7.382194 93.437576 31.137222 104.64835 66.923897 60.499199 42.665287 28.325245 58.045765 485.68256 
0.1760059 1.419593 121.11836 29.727125 134.24944 79.418404 62.58049 41.264793 13.865209 71.359489 553.58331 
0.1771424 7.075639 95.830856 30.741081 105.26844 66.612961 61.447708 42.988171 27.629395 58.063839 488.58246 
0.1771424 7.075639 93.064674 30.774424 106.65822 66.648186 62.179577 42.423637 27.622044 57.741619 487.11237 
0.1795786 3.757087 105.35338 28.656864 119.48937 71.277374 58.067905 39.772991 19.896736 62.578541 505.09314 
0.1875542 5.055223 99.675758 29.312769 110.60512 68.225655 60.025532 41.148479 23.160612 60.165138 492.31906 
0.1892778 4.138822 103.07253 28.605915 114.24828 69.633522 57.216 40.029449 20.969036 61.57793 495.35266 
0.1893016 6.78175 93.142868 30.593399 103.77075 67.269447 61.128227 42.619339 27.189528 58.124062 483.83762 
0.1925426 7.725128 92.574883 31.605692 104.79323 65.31675 61.047619 43.019993 29.344837 57.152943 484.85596 
0.1950181 2.332335 111.68549 28.586369 124.51407 73.864891 58.139271 40.03767 16.391584 66.448761 519.66809 
0.205099 4.402165 100.80527 29.006453 112.71283 68.798622 57.584908 40.232948 21.74272 60.698101 491.58182 
0.2143668 9.229263 89.929291 33.054386 100.59782 65.282745 62.303368 44.689587 32.975418 55.533577 484.36621 
0.2151636 1.240847 119.5159 29.940895 138.81436 81.383598 60.152946 40.652725 13.542167 72.043961 556.04657 
0.2168332 1.549425 116.73749 29.131563 131.5871 78.318321 57.528023 40.022518 14.387743 69.862381 537.57513 
0.2179331 6.487997 94.598793 30.526394 105.61689 67.158684 58.030117 41.914116 26.911509 57.799057 482.55554 
0.2189319 9.594484 88.369148 33.484253 98.420631 64.86013 62.79961 44.910042 33.954468 55.909454 482.70773 
0.2205751 0.580947 135.7683 32.606915 153.63206 88.34742 65.135925 42.590622 11.866439 79.926231 609.8739 
0.2216538 3.866989 102.21727 28.616631 114.6741 69.408661 54.338413 39.837433 20.576771 61.118557 490.78784 
0.2266989 8.447035 91.035133 32.336369 101.58614 65.290344 60.646961 43.727253 31.474916 56.298176 482.39532 
0.2273991 1.236954 121.0323 29.721687 136.37228 81.042053 59.672527 40.290138 13.585459 71.456657 553.1731 
0.2292223 5.647118 96.929047 29.781784 107.29683 67.65789 56.747681 41.053917 25.128429 58.417763 483.01334 
0.2359461 7.774257 90.950745 31.789036 101.99831 65.85421 58.840557 43.289501 30.155653 56.372372 479.25037 
0.2372572 2.962739 105.93494 28.383375 117.15159 72.22464 54.672291 39.141426 18.370977 63.330883 499.21011 
0.2377297 5.116631 97.49144 29.52903 109.922 68.493858 57.526566 40.165775 23.918129 58.948463 485.99524 
0.2436425 1.128035 122.24953 30.033936 136.95573 81.346931 59.668537 40.012096 13.335733 72.338409 555.94092 
0.2500803 1.224785 120.59596 29.680799 134.88394 79.027061 59.25563 39.898151 13.638923 70.581848 547.56238 
0.2600881 2.44021 107.0231 28.36758 118.25536 72.575493 53.016167 38.803478 17.111525 63.989632 499.14233 
0.2614872 9.382601 87.970535 33.688816 97.316963 64.802589 61.92094 44.476688 34.230515 55.270077 479.67712 
0.2633146 3.4649 102.64302 28.596863 114.16905 70.582436 54.679893 39.172543 19.907913 61.063488 490.81519 
0.2633146 3.4649 102.79427 28.626696 115.56723 70.346298 53.379902 38.836281 19.918783 61.425629 490.89508 
0.2634856 6.031771 94.403824 30.3381 104.5354 67.10778 57.53896 41.432461 26.513565 57.541821 479.41193 
0.2664307 5.379266 96.323822 29.697968 107.33897 66.739395 55.371235 40.68045 24.939186 58.121849 479.21289 
0.2707292 9.053841 88.676369 33.50457 99.393242 64.736198 59.373848 44.359592 33.685902 55.284283 479.01401 
0.2718243 3.093864 102.0713 28.369738 116.04352 71.623489 53.473343 38.190292 18.991884 62.001625 490.76517 
0.2775326 0.5817852 131.9883 32.189209 146.12692 88.302116 62.027451 41.19236 12.029694 78.056023 591.91211 
0.2788477 3.239096 102.8924 28.478546 114.39004 69.728767 54.037376 38.738899 19.482397 61.842865 489.59128 
0.2853545 7.466435 91.847946 31.860966 100.19647 65.748627 56.763424 42.952587 30.311518 55.931965 475.61349 
0.2854606 8.519431 89.637718 33.029083 98.680107 65.045349 57.116894 43.826614 32.841175 55.480453 475.65741 
0.2893814 4.141218 98.632507 28.950838 109.48477 68.655144 55.187038 39.588692 21.950209 59.406467 481.85565 
0.2899444 6.671825 91.371162 31.142311 102.26315 65.957291 57.195187 41.684216 28.445866 56.159828 474.21899 
0.2902996 3.769317 100.02618 28.690939 111.87894 69.945183 54.452656 39.23238 21.002022 60.139431 485.36774 
0.2958734 8.436043 89.686478 33.041183 97.167801 65.86972 57.846775 43.957367 32.780926 55.24559 475.59583 
0.3043156 5.163205 96.081665 29.794302 105.51009 67.481522 53.738472 40.308002 24.883596 57.64061 475.43829 
0.3045177 1.632478 112.74409 28.814322 124.49051 76.040154 54.657135 38.368546 15.120317 66.805603 517.04065 
0.3073229 1.102936 119.6936 29.627436 134.12865 80.142273 56.882973 38.855728 13.535199 70.492935 543.35883 
0.3087285 7.922456 89.881783 32.572338 98.596977 64.988998 56.443359 43.148155 31.769619 55.404949 472.80618 
0.3110549 9.355397 87.35614 34.366756 96.08638 64.884636 59.175247 44.586674 35.210064 54.721504 476.38736 
0.3154212 2.101393 108.61274 28.444733 120.82957 72.95224 52.961937 38.173996 16.574528 64.376236 502.92596 
0.3195438 8.161591 88.511055 32.999428 99.048737 65.737534 56.008144 43.481789 32.563278 55.259136 473.6091 
0.3307107 5.305609 94.506508 30.050005 103.66464 66.290848 53.249767 40.30254 25.592207 57.116417 470.77295 
0.3362935 6.086415 92.939156 30.923409 100.55738 65.983162 54.556988 41.300789 27.704174 56.052597 470.01764 
0.3401806 1.643327 111.65361 28.6917 125.38053 75.060486 53.410637 37.580605 15.306366 65.864304 512.94824 
0.3421772 1.994645 108.21014 28.512028 120.99081 72.889618 52.114487 37.716698 16.389294 64.299515 501.12262 
0.3425107 3.596102 99.572372 28.748661 108.23197 68.952026 50.962055 38.779503 21.105013 59.459499 475.81113 
0.343529 0.4176918 135.51295 33.303097 150.52101 90.549911 60.826218 40.973465 11.831707 79.819725 603.33807 
0.343529 0.4176918 135.59573 33.292362 149.89195 90.442001 60.869305 41.248974 11.821669 80.182587 603.3446 
0.3440041 3.299275 99.648491 28.588598 112.51813 70.03624 52.959335 38.246422 20.217512 59.898602 482.11331 
0.3510942 9.185303 88.210136 34.685593 95.102867 64.763908 57.661911 44.86121 35.58746 54.576588 475.44971 
0.3558855 6.69059 90.729836 31.775988 98.234314 65.206444 54.186142 41.937885 29.551003 55.493973 467.1156 
0.3587266 4.379668 94.311279 29.477312 106.3504 66.556129 51.545128 39.046318 23.385126 57.668228 468.33997 
0.3598159 5.456178 93.720093 30.495617 102.26208 65.731453 53.469624 40.371094 26.429926 56.560593 469.04047 
0.3665088 0.203714 148.70139 36.77425 164.43674 99.191452 65.320763 43.517994 11.611124 87.654213 657.20795 
0.3671485 5.029249 92.825714 30.20834 103.59127 66.590385 51.747089 39.986542 25.283392 56.867195 467.09995 
0.3695355 7.52743 89.357086 32.876221 96.72953 65.48069 54.455688 42.974068 31.884336 54.776474 468.53406 
0.3709278 7.06905 89.701675 32.45919 98.448624 65.073044 54.520515 42.453953 30.824648 55.027447 468.50909 
0.380256 5.969474 92.419075 31.241606 100.69222 64.891083 53.312546 41.055565 28.06913 55.628399 467.3096 
0.3807775 8.691584 87.704323 34.565422 95.000488 64.605835 56.161812 44.490616 35.015762 54.57196 472.11621 
0.3873614 9.514668 86.679367 35.72858 93.290054 64.859261 57.070137 45.593792 37.143147 53.998047 474.36237 
0.3939967 0.9813864 117.5999 29.810369 130.87729 79.685081 53.153782 37.689114 13.537555 69.905174 532.25824 
0.4013638 0.1119431 152.86586 39.874008 174.75381 105.86121 68.681519 45.481987 11.827421 93.78405 693.12982 
0.4029944 1.505359 110.67657 28.886173 123.50056 75.868187 50.806068 36.946613 15.21265 65.411003 507.30783 
0.4033308 6.14258 90.519608 31.773657 99.421196 65.386909 53.026299 41.147106 28.867662 55.549549 465.69202 
0.4044536 4.958692 93.986107 30.418076 102.76363 65.9282 50.622932 39.794117 25.62393 56.536713 465.67371 
0.4066633 4.322998 94.308357 29.880814 104.39317 66.533745 50.597973 38.997524 23.820562 57.244362 465.77649 
0.413371 8.655723 87.416428 35.196945 93.397194 64.900566 55.023712 44.481548 35.519573 54.007206 469.94315 
0.4138118 3.297799 98.479492 29.010546 107.80627 68.527916 49.286327 37.772552 20.913885 58.818985 470.61597 
0.41468 9.637142 86.435646 36.551235 93.347916 65.01902 57.75132 45.757099 38.12735 53.906994 476.89658 
0.4247256 3.569009 96.358978 29.290897 106.80759 67.828651 48.790039 38.027641 21.79055 58.28442 467.17877 
0.4251607 2.096605 103.86465 28.688707 116.20588 72.159096 49.312996 36.9062 17.254068 62.360943 486.7525 
0.4314557 0.1168715 157.02007 39.496998 172.52055 104.57084 67.068352 44.804935 11.868324 92.44091 689.79095 
0.4394817 7.25961 88.923042 33.70369 95.351265 65.254089 53.222385 42.69738 32.423584 54.525822 466.10126 
0.4394817 7.25961 89.286514 33.659863 95.605728 64.860611 53.651974 42.788441 32.416367 54.476006 466.74554 
0.4426236 8.708171 86.745705 35.747639 92.84156 64.413406 55.303864 44.957939 36.27845 54.013561 470.30209 
0.4477031 6.312744 90.344376 32.632561 97.451889 64.703522 51.705322 41.619827 30.003782 54.84605 463.30734 
0.4508181 2.968397 99.609123 29.107643 108.32256 69.129425 46.930485 37.304253 20.195845 59.085876 469.68521 
0.452879 1.001794 115.49819 29.909105 128.53462 78.565758 50.930088 37.077778 13.835605 68.299454 522.65063 
0.4530053 1.508696 108.96865 29.036448 120.49121 74.468201 48.412647 36.485523 15.522297 64.374107 497.75912 
0.4618 5.115134 92.948143 31.363247 99.12027 65.732666 48.601902 39.930946 26.828697 55.834396 460.36023 
0.4624016 5.91397 90.863792 32.262257 96.898483 65.497063 49.828621 41.089027 29.03594 55.030186 460.50537 
0.4640029 4.486367 94.380089 30.50296 100.87225 66.688957 48.726902 38.908131 24.994083 56.307796 461.3812 
0.4654298 1.676102 107.47303 28.953972 117.9497 73.278229 48.149685 36.399078 16.123161 63.314838 491.64172 
0.466893 7.992128 87.642487 35.272182 93.443535 64.531204 53.270939 44.061512 34.825874 54.024452 467.07217 
0.4732888 3.536725 96.902596 29.682423 104.66097 67.493423 48.182556 37.820923 22.144712 57.61462 464.50226 
0.4769787 9.555939 86.217079 37.86446 91.306976 64.567162 55.164429 46.512264 39.205101 53.857124 474.69461 
0.4778841 2.633254 99.974403 29.132113 109.34176 69.410629 47.309059 36.89838 19.417841 59.768528 471.25269 
0.4843718 8.520894 87.016418 36.446243 92.430038 64.688522 53.977417 44.897869 36.618359 53.98222 470.05707 
0.4917067 9.070448 85.771637 37.329571 91.452522 64.294411 54.478241 45.810532 38.176548 53.985561 471.29901 
0.4921199 3.343487 97.583458 29.685686 104.22191 67.084908 47.273964 37.620159 21.764568 57.708916 462.94354 
0.4924567 6.622383 89.416832 33.835041 94.174423 64.450897 50.956718 42.248962 31.583202 54.726067 461.39215 
0.4992775 2.314066 102.21429 29.170485 111.03435 70.397446 46.716454 36.543076 18.476965 60.257511 474.81058 
0.4999797 5.502327 90.305443 32.438824 97.272652 65.409203 49.191158 40.344193 28.516806 55.159691 458.638 
0.5044381 9.646642 86.194275 38.658257 90.335785 64.670647 55.292049 46.893044 40.005142 53.900337 475.94952 
0.5072637 6.945671 88.552727 34.656097 94.112907 64.615013 51.303204 42.673794 32.808498 54.430538 463.15277 
0.5120646 8.215503 87.16774 36.637684 91.35379 64.265877 53.335323 44.615555 36.377823 53.937992 467.69177 
0.5154506 0.08442892 159.91119 41.360043 174.98148 107.15387 67.05455 45.19574 12.198289 94.577217 702.43237 
0.5163653 7.839146 87.370941 36.099411 91.964943 64.263176 51.686188 44.119308 35.40559 54.156868 465.06641 
0.5169406 2.72904 99.594902 29.52993 107.31871 69.175705 46.104637 36.735813 20.05002 58.94894 467.45868 
0.5169406 2.72904 99.279747 29.519835 106.84705 68.825623 46.286144 36.875122 20.002443 58.890129 466.52606 
0.532064 1.439854 108.73595 29.476137 117.92751 74.037102 46.920033 35.978233 15.746675 63.795746 492.61743 
0.532167 0.8395469 118.28527 30.662455 127.67403 79.438919 49.443867 36.56332 13.660574 68.959999 524.68848 
0.5347182 4.860196 91.005669 32.20319 98.258804 65.277931 48.009705 39.69104 27.034678 55.677025 457.15805 
0.542294 4.529855 92.077667 31.829506 99.099236 65.770645 46.869926 39.166054 26.122147 55.81432 456.74951 
0.5450109 3.455359 96.25985 30.524555 102.35271 67.353622 46.011425 37.786354 22.728746 57.324718 460.34195 
0.5484042 0.2563518 138.5417 35.548153 151.14677 92.645142 57.130337 40.101402 12.085663 81.151657 608.35089 
0.5520803 9.768898 85.329384 40.194321 88.891342 64.907242 54.78574 47.724823 41.386574 54.249523 477.4689 
0.5528755 8.96113 85.956932 38.825829 89.69136 64.53257 53.584755 46.320778 39.254761 54.351852 472.5188 
0.5534013 7.246003 87.385277 36.078541 92.85363 64.535393 50.335953 43.585812 34.474033 54.44175 463.69037 
0.5548174 3.294772 96.64653 30.497269 103.26868 67.449326 45.921658 37.514721 22.24332 57.37809 460.91959 
0.5592989 6.213756 88.675224 34.62669 94.107391 64.764778 49.088554 41.872196 31.544582 54.751274 459.43069 
0.5645794 3.292061 95.73893 30.659704 102.56158 67.453094 45.68626 37.419582 22.349756 57.487701 459.3566 
0.5646383 2.324017 101.18945 29.760118 108.30154 69.607277 45.336315 36.312283 19.062603 59.680481 469.25006 
0.565317 8.646358 86.233047 38.731087 89.840271 64.598083 52.715252 46.020287 38.635849 54.478497 471.25235 
0.571298 5.850489 89.532585 34.325508 94.066849 64.536423 48.558514 41.311176 30.642717 54.847282 457.82108 
0.5779573 4.647864 90.50325 32.561863 97.305855 65.415298 46.882244 39.514023 26.883284 55.855545 454.92133 
0.5823991 7.534969 87.563438 37.297237 91.200623 64.778244 51.121025 44.406143 35.816387 54.565773 466.74884 
0.5857305 6.942348 87.668007 36.440422 92.095085 64.328445 49.720387 43.502945 34.151634 54.788036 462.69498 
0.5858898 5.409658 90.4506 33.898716 94.689758 64.965691 47.594505 40.849041 29.422976 55.235252 457.10654 
0.586402 5.067331 90.583687 33.407101 95.699135 65.31105 47.400124 40.244244 28.397758 55.472397 456.5155 
0.5868781 1.800242 104.57325 29.8437 111.95384 71.206985 45.389671 35.796356 17.367281 61.581146 477.71222 
0.5900283 0.7342753 117.89156 31.442997 127.62218 80.196106 48.850533 36.455135 13.554393 69.411903 525.4248 
0.6050336 4.191015 92.473763 32.531181 97.635521 65.725075 46.0121 38.959656 25.828245 56.317463 455.483 
0.6052879 8.778257 86.111084 40.123032 89.131714 64.845352 52.493351 46.984188 39.830311 55.181145 474.7002 
0.6116372 7.95081 86.753616 38.807175 89.880608 64.667725 51.575878 45.566174 37.573662 55.160198 469.98502 
0.6116372 7.95081 86.850563 38.801273 89.870026 64.658073 51.231743 45.53513 37.648819 55.10379 469.69943 
0.6243807 1.762534 103.85452 30.301407 110.51318 71.016891 44.74229 35.674881 17.493446 61.432961 475.02954 
0.6287434 0.2904834 132.28185 35.41116 144.44826 90.063828 54.368855 38.95055 12.394552 78.893951 586.81299 
0.6291759 9.462654 85.507446 42.167759 88.072327 65.292793 53.987606 48.752285 42.265144 55.856842 481.90219 
0.6300603 6.221852 87.840179 36.355904 92.349228 64.852516 48.590691 42.746193 32.60297 55.518372 460.85605 
0.632411 5.199903 89.998482 34.575439 94.090744 65.225014 46.786701 40.982552 29.488939 55.824833 456.97272 
0.6345664 5.599858 89.607933 35.346729 93.312836 64.939621 47.653591 41.653965 30.797274 55.658169 458.97012 
0.635187 3.813704 93.38533 32.488525 98.288315 66.350296 45.100945 38.553871 24.895723 56.859013 455.922 
0.6461821 1.059898 111.29321 31.019634 118.93124 75.678238 46.085594 35.697365 14.9937 65.688812 499.38779 
0.6532847 2.188759 100.22154 30.926516 105.77454 69.406097 43.974907 36.141342 19.299168 59.805862 465.54999 
0.6549676 2.739402 97.270004 31.414009 102.27441 68.079803 44.210114 36.899647 21.309732 58.657993 460.11572 
0.6596891 8.333849 86.184158 41.195969 88.785149 65.435379 51.96117 47.190704 39.690201 56.253483 476.69623 
0.6614772 7.088113 87.171196 38.930855 90.415016 65.031754 49.592613 44.903954 35.853039 56.08728 467.98572 
0.6635916 0.2149544 138.75108 37.129486 149.0499 93.375618 56.142578 39.954319 12.394814 82.042007 608.83984 
0.6672725 5.801846 88.953232 36.690845 92.056122 65.416405 47.550282 42.420994 31.9039 56.129581 461.12137 
0.6730167 1.966328 101.85942 31.072086 107.21458 70.14827 43.895538 36.03653 18.587322 60.771305 469.58505 
0.6737181 6.867146 87.100639 38.819771 90.249001 65.364891 49.406345 44.618305 35.457012 56.34819 467.36414 
0.6889896 6.425304 87.914055 38.513603 90.547409 65.394768 48.764111 44.082268 34.319778 56.644264 466.18027 
0.6908965 0.7546331 115.98928 32.350826 123.15547 78.777023 47.193748 36.032162 14.095219 68.786942 516.38068 
0.6936551 7.95168 86.440002 41.656349 88.542938 65.792442 51.397625 47.235058 39.26757 57.046635 477.3786 
0.6942342 9.070052 86.149681 43.850731 87.565331 66.316162 53.538822 49.392677 42.636616 57.536053 486.98605 
0.6948845 8.030288 86.299835 41.734108 88.464539 66.05304 51.592228 47.272175 39.521511 57.174042 478.11148 
0.7083998 2.774693 96.383049 32.626827 100.54188 68.202019 43.797226 37.397182 22.000292 59.119652 460.06818 
0.7093717 5.157573 89.500092 36.720921 92.691429 65.931877 46.722549 41.838718 30.502712 57.216419 461.12476 
0.7117333 9.3543 85.780914 45.126957 87.210991 66.74543 54.134232 50.396057 43.878395 58.3951 491.66809 
0.7119945 3.955686 91.618172 34.549763 95.521889 66.387405 44.99424 39.565044 26.349562 57.832226 456.81824 
0.7119945 3.955686 92.2062 34.553497 95.683922 66.30043 44.797714 39.505913 26.293411 57.743961 457.08502 
0.715398 2.25405 98.74118 32.191818 103.48216 69.346581 43.631908 36.606941 20.102486 60.3018 464.40485 
0.7195247 4.331104 91.432922 35.480789 94.404953 66.194244 45.357807 40.401993 27.75762 57.661385 458.69171 
0.7227753 8.776891 85.863182 44.429722 87.680542 66.837967 53.300983 49.572418 42.33205 58.430637 488.44751 
0.7300239 6.934452 87.375992 40.988293 89.370316 66.251732 49.696274 45.906178 36.748768 57.972904 474.31049 
0.7319556 0.01744117 183.96585 51.987785 198.25706 124.75032 77.139214 51.375214 14.010079 111.31918 812.80469 
0.7497224 2.632017 96.740273 33.421631 100.50199 68.85244 43.943027 37.513714 21.855606 60.069485 462.89816 
0.7562855 4.701762 90.328735 37.328281 93.024254 66.837959 46.218903 41.656906 29.628807 58.650166 463.67401 
0.7565311 8.141533 86.697067 44.581123 88.171371 67.278023 52.382633 49.11779 41.071201 59.571957 488.87119 
0.7580695 7.600871 87.355042 43.472698 88.707344 67.062286 51.139072 47.995636 39.335674 59.333008 484.40076 
0.7598397 9.528362 86.197418 47.673534 87.256035 68.315094 55.013603 52.159172 45.480022 60.649403 502.74429 
0.7611148 1.082492 108.89059 32.823765 114.71503 75.380455 45.313759 35.911293 15.762381 66.236282 495.03357 
0.7702282 1.764999 101.51938 33.003727 106.22061 71.539444 43.932095 36.405544 18.623018 62.723377 473.96719 
0.7728166 6.000401 88.519402 40.585945 90.476959 67.056381 48.569778 44.917709 34.306637 59.464226 473.89703 
0.7738591 5.435744 89.240494 39.394527 91.394531 67.069374 47.627567 43.67905 32.472885 59.423714 470.30212 
0.7756693 3.851952 92.363815 36.325188 95.250366 67.555901 45.198383 40.312439 26.713423 59.652176 463.3717 
0.7801493 4.115223 91.570267 36.916481 94.169334 67.327637 45.655926 40.900997 27.787479 59.580971 463.90909 
0.7803069 3.272336 94.036842 35.295757 97.135468 68.185646 44.572311 39.084946 24.675589 60.155453 463.14203 
0.7824091 3.447835 93.230797 35.702824 96.258354 67.945763 44.78632 39.556122 25.361378 60.110329 462.9519 
0.7885608 0.7300107 114.99766 34.155846 121.12757 79.337967 47.263374 36.490364 14.557403 70.143417 518.07355 
0.795488 0.3493672 127.50217 36.816845 135.06224 87.431229 52.010426 38.373524 13.243824 77.476006 567.91632 
0.79954 9.689839 86.880981 49.879101 87.76445 70.056786 56.276802 53.842228 46.820824 63.17923 514.70044 
0.7998193 7.75483 87.437561 45.651299 88.774521 68.767845 52.341183 49.596416 40.741592 61.819664 495.1301 
0.8039344 6.298783 88.343887 42.458519 90.323494 68.120552 49.727215 46.48048 35.898685 61.048801 482.40158 
0.8055851 6.872894 88.118843 43.872032 89.651917 68.51944 50.886848 47.707241 37.916348 61.411533 488.0842 
0.8060222 4.386529 91.205627 38.40831 93.608704 68.009468 46.375492 42.078403 29.092909 60.61747 469.39636 
0.8060222 4.386529 91.093391 38.35854 93.664795 68.085915 46.452591 41.961369 29.165388 60.535786 469.31775 
0.8077975 4.912162 90.10804 39.597599 92.504021 67.969315 47.264481 43.233887 31.08971 60.750401 472.51743 
0.813053 2.893151 95.304604 35.726219 98.645706 69.295059 44.659023 38.915989 23.548729 61.631599 467.72693 
0.8164623 9.043889 87.423088 49.295349 88.402817 70.240067 55.401295 53.032207 45.248283 63.740662 512.78381 
0.8214695 7.19646 88.283493 45.341343 89.684929 69.2089 51.882385 49.05864 39.238258 62.724838 495.42273 
0.8235309 5.328537 89.7099 41.099648 91.933571 68.567825 48.366238 44.648266 32.847202 61.645752 478.81836 
0.8289475 8.230035 87.819916 48.151489 89.033379 70.198814 54.284695 51.740162 42.787228 63.856392 507.8721 
0.829942 1.687219 102.06624 34.556671 106.43362 72.838615 44.72036 37.078197 18.794476 64.756844 481.245 
0.8322763 5.687515 89.431076 42.316902 91.367226 68.999001 49.304653 45.622025 34.249756 62.283287 483.57394 
0.8370171 2.306383 97.950035 35.501835 101.66824 71.018845 44.666031 38.194469 21.431501 63.359531 473.79047 
0.8415927 1.258079 106.05492 34.709454 111.14377 75.296684 45.570351 36.797199 17.085144 67.101616 493.75916 
0.8420003 9.050408 88.080673 50.713581 89.075172 71.46151 56.123825 53.999619 45.719482 65.562225 520.73608 
0.8440532 8.457552 88.188454 49.393501 89.49691 71.169594 55.148441 52.661572 43.795712 65.061058 514.91522 
0.8445359 1.451954 104.06322 34.833385 108.80035 74.108727 45.229523 37.021561 17.911131 66.28653 488.25443 
0.8480343 3.642156 93.062386 38.445217 96.031975 69.657028 46.193108 41.259514 26.880013 62.672115 474.20135 
0.8525388 6.805281 88.988121 45.896942 90.74942 70.426949 51.946545 48.964397 38.399403 64.154716 499.52649 
0.8608237 4.095441 92.350777 39.966637 95.101501 69.911453 47.212585 42.669205 28.777348 63.295601 479.2851 
0.8649721 6.309582 89.573738 45.366734 91.694542 70.752495 51.517132 48.194286 36.929565 64.615982 498.64447 
0.8672538 5.060141 90.860313 42.469059 93.260895 70.274628 49.074577 45.143612 32.466339 63.989929 487.53937 
0.8730442 5.875845 90.277634 44.619209 92.360565 70.816948 50.875267 47.350903 35.494953 64.9179 496.71341 
0.8770189 1.358271 105.16338 35.874702 110.13796 75.587631 46.142311 37.50243 17.798073 67.956604 496.16309 
0.8818813 0.06022476 158.87416 47.983505 170.29486 110.39715 67.519775 46.474655 13.779786 99.695412 715.01935 
0.8862451 2.378714 98.123505 37.412903 102.1189 72.35556 45.960667 39.344349 22.212877 65.541061 483.06982 
0.8937721 7.746597 90.056496 50.366055 91.92469 73.43634 55.538551 52.754002 42.272728 68.184387 524.5332 
0.8940139 3.271221 95.00132 39.423012 98.452484 71.669083 47.090397 41.50452 25.913773 65.273399 484.32797 
0.8987279 9.777277 90.427483 55.543285 91.839012 75.731972 60.089867 58.034214 49.099789 70.872147 551.63776 
0.8987279 9.777277 90.386566 55.574814 91.85392 75.739891 60.112576 58.011532 49.064564 70.888924 551.63281 
## Finished pointls.
## Wed Apr 20 14:56:56 2022; Sample: 1; # of loci: 8; NrunsPerPoint=100;
## pointmin=1  pointmax=250 out of PointNumber=250
0.4342298 6.026905 91.148155 32.098343 98.426704 65.215088 51.08334 40.943871 29.032095 55.169888 463.11752 
0.4350788 5.013076 93.158928 30.782444 100.9966 65.733505 49.783813 39.685707 26.169565 56.021305 462.33188 
0.4627052 5.268348 91.635612 31.504787 99.237144 65.416977 49.070724 40.126808 27.283045 55.536484 459.81158 
0.4634666 6.751038 89.077209 33.504826 95.610603 64.88707 51.479527 42.141697 31.480774 54.676994 462.8587 
0.4661447 6.379335 89.86132 33.007359 95.938026 64.938057 50.694592 41.75526 30.453812 54.786362 461.43475 
0.4690737 6.358964 89.304245 33.063541 96.811256 64.393044 50.69178 41.617474 30.450718 54.749134 461.08118 
0.4722883 4.568115 93.171478 30.779892 101.10504 66.229691 48.812569 39.257187 25.328289 56.221313 460.90543 
0.4724447 4.703829 92.971756 30.94503 100.48111 66.062294 48.910507 39.331619 25.742334 55.968899 460.41351 
0.4727905 4.347985 93.701881 30.529463 100.91664 66.353058 48.709339 38.907642 24.714418 56.472061 460.3045 
0.4737473 4.912086 92.150078 31.258179 99.713264 65.481674 49.026642 39.524143 26.401304 55.807041 459.36234 
0.4751762 4.53223 93.155441 30.75399 100.83202 66.322662 48.350239 39.163765 25.27421 56.160912 460.01324 
0.4761835 4.267651 92.994217 30.481936 101.81152 66.473236 48.173756 38.698666 24.431923 56.493622 459.5589 
0.4841976 4.347622 93.114731 30.728758 101.06554 66.265556 48.167473 38.845707 24.822054 56.466576 459.47641 
0.4857787 5.108406 91.777855 31.674314 98.916504 65.569908 49.263062 39.838654 27.134243 55.551712 459.72626 
0.4861301 5.376925 91.067177 31.994297 98.238304 65.597 49.165546 40.355537 27.963055 55.274227 459.65515 
0.4875791 4.508626 93.318626 30.876875 100.68066 65.830315 48.103333 39.043297 25.333429 56.060299 459.24686 
0.4889204 5.209751 91.340256 31.760904 98.106209 65.377365 48.892391 40.005619 27.454582 55.391407 458.32874 
0.4892445 6.340032 89.292351 33.411793 95.969002 64.573547 50.338413 41.676174 30.749302 54.698051 460.70865 
0.4896539 4.717403 92.814011 31.200079 99.546471 66.182449 48.234722 39.372902 26.016216 55.817574 459.18439 
0.4918751 3.343324 96.728027 29.74699 105.37191 67.662376 47.553284 37.573193 21.806614 57.840607 464.28299 
0.4920577 3.770227 95.39048 30.187733 103.41874 67.07872 47.025967 38.12405 23.152987 57.057777 461.43646 
0.4933942 4.540215 93.465057 31.065763 100.45657 66.040649 48.206841 38.982639 25.515572 55.973434 459.70654 
0.4939455 3.756424 95.67363 30.171274 102.98976 66.634438 47.434753 38.124058 23.09701 57.160965 461.28589 
0.4950086 5.19014 91.741333 31.918322 98.348122 65.216705 48.584908 40.019562 27.50156 55.42086 458.75137 
0.5008326 4.8102 92.843338 31.490431 98.608765 65.240265 48.520294 39.514687 26.435526 55.785759 458.43906 
0.5008326 4.8102 92.376534 31.52808 99.041191 65.718674 48.648624 39.56012 26.412848 55.767914 459.05399 
0.5022221 5.059504 91.567642 31.829481 98.074326 65.542061 48.476105 39.848587 27.232996 55.436134 458.00732 
0.5046325 4.212524 94.0681 30.813398 101.03808 66.047394 47.595833 38.697392 24.658375 56.390587 459.30917 
0.5050452 4.370456 93.289543 31.045757 100.63642 66.14875 48.011681 38.905903 25.104864 56.268726 459.41165 
0.5078012 4.566852 92.401443 31.297495 99.409996 65.853851 47.626881 39.181484 25.796885 55.968678 457.53671 
0.5091648 4.272109 93.412987 30.958021 100.39291 66.392021 47.518837 38.732674 24.889656 56.268574 458.56567 
0.5123258 5.377466 91.398781 32.474346 97.066124 65.044899 48.480858 40.386036 28.261299 55.066563 458.17889 
0.5141087 5.350508 91.173798 32.392719 97.198326 65.121925 48.512299 40.354259 28.274467 55.213989 458.24176 
0.5146475 6.331965 89.18454 33.888287 94.696335 64.705612 50.200134 41.888817 31.141493 54.735432 460.44067 
0.5176881 6.149284 89.953262 33.679855 95.352234 64.618721 49.567657 41.420815 30.620548 54.745728 459.9588 
0.5181312 4.972114 91.930687 31.957254 98.034348 65.701302 48.194431 39.832275 27.159245 55.553658 458.36319 
0.5190982 3.772546 94.811081 30.499359 102.02325 66.934357 46.832504 38.10984 23.442621 56.820278 459.47333 
0.5201072 4.629803 92.616325 31.546921 98.856522 66.013367 47.572453 39.256271 26.172024 55.852142 457.88605 
0.5231299 3.298562 97.155632 30.03722 103.90422 67.614113 46.708893 37.437801 21.95162 57.763851 462.57336 
0.5237988 4.237958 93.509033 31.124271 100.10625 66.39888 47.498856 38.702198 24.918947 56.258705 458.51712 
0.5246727 5.831263 89.901184 33.278633 95.621468 64.821716 49.299309 41.201324 29.799208 54.83157 458.75439 
0.5258267 4.524374 91.802757 31.512047 99.201462 65.927444 47.710968 39.061169 25.862989 55.902004 456.98083 
0.5284149 4.228464 93.148773 31.191723 100.1681 66.385201 46.930656 38.716061 24.976164 56.246971 457.76367 
0.5308015 4.875329 91.698631 32.071064 98.02935 65.445068 47.930714 39.650192 27.048956 55.653637 457.52759 
0.5316064 3.790866 95.027534 30.691629 101.19891 66.616562 46.682102 38.059345 23.642939 56.763901 458.68292 
0.5328645 3.687096 94.60968 30.572741 102.18784 66.60363 46.524849 37.941692 23.32696 56.939987 458.7074 
0.5369897 4.455783 93.436195 31.599903 99.019852 65.891815 47.408062 39.048622 25.834282 56.010181 458.2489 
0.53786 3.955916 93.853867 30.980846 100.70827 66.339073 46.635849 38.433075 24.210178 56.534161 457.69528 
0.5382664 4.608263 92.625938 31.887714 98.616028 65.842018 47.399715 39.369675 26.292259 55.810696 457.84406 
0.5386839 5.765678 90.466095 33.454247 95.231163 64.639954 48.410099 41.097618 29.834776 54.900803 458.03473 
0.5437505 4.883781 91.75975 32.304985 97.681671 65.502815 47.667957 39.78529 27.196026 55.65435 457.55283 
0.5437505 4.883781 91.461472 32.279453 97.578003 65.468918 47.311798 39.729256 27.195036 55.561501 456.58542 
0.5473374 5.301758 90.708511 32.98172 96.60154 65.078758 48.172707 40.487423 28.550869 55.278721 457.86026 
0.547355 4.310735 92.882591 31.591095 99.303391 65.997002 46.797897 38.868984 25.45919 56.137352 457.03751 
0.5491332 3.938391 93.662384 31.110802 100.46619 66.357246 46.459396 38.364449 24.322651 56.466156 457.20929 
0.5513791 4.039389 94.014282 31.276094 100.11668 66.467529 46.509109 38.433502 24.685152 56.381382 457.8837 
0.5516361 5.2673 90.755791 33.024811 96.632248 65.065643 47.665535 40.342499 28.482414 55.327717 457.29666 
0.551707 3.133027 96.626427 30.250507 104.13838 67.69384 45.69545 37.237808 21.721645 57.767334 461.13138 
0.5518413 4.796268 91.15155 32.328182 97.800507 65.549171 47.557678 39.701454 27.092525 55.622379 456.80344 
0.5547709 5.329577 90.69149 33.180401 96.135254 65.11319 47.834515 40.555412 28.74987 55.186405 457.44653 
0.5551458 4.45626 92.344772 31.954868 98.381935 65.798882 46.817955 39.133987 26.038584 55.971889 456.4429 
0.5559199 3.486462 95.516235 30.695343 102.003 66.867203 45.962471 37.697186 22.92742 57.097122 458.76599 
0.5566323 5.225093 90.959244 33.04023 96.058975 65.297791 47.670681 40.396027 28.443672 55.244022 457.11063 
0.5576227 5.387069 90.794632 33.270638 95.863327 64.930283 48.012962 40.615437 28.960793 55.24892 457.69702 
0.5578229 5.384188 90.541626 33.307808 95.70903 64.904366 48.087673 40.636295 28.96036 55.224419 457.37158 
0.5587689 3.743803 94.524971 30.99445 100.83165 66.648483 46.288235 38.090904 23.81605 56.682636 457.87741 
0.5602237 4.177055 93.444611 31.672131 98.736603 65.979179 46.519245 38.765972 25.204248 56.293217 456.6152 
0.5608863 4.49818 92.383476 32.076771 97.993568 65.636818 46.818325 39.241596 26.229532 55.891701 456.27179 
0.5633291 7.065815 88.185966 35.99641 92.535194 64.7155 50.054142 43.481976 34.084587 54.605862 463.65961 
0.565516 3.238708 96.174248 30.566217 102.96004 67.309715 45.657455 37.418655 22.172255 57.554146 459.81268 
0.5662442 4.464191 92.574356 32.102581 98.302521 65.611763 46.550156 39.150166 26.160522 55.927258 456.3793 
0.5667661 5.387069 90.603539 33.443687 95.743225 65.286415 48.023296 40.680489 29.087685 55.256927 458.12524 
0.5668048 6.236494 89.221115 34.824375 93.581154 64.957314 49.24015 42.097668 31.658476 54.881748 460.46198 
0.568946 7.101791 87.374985 36.208229 92.130737 64.873108 50.451363 43.507202 34.270275 54.626434 463.44232 
0.570513 5.275803 90.187866 33.417007 95.747414 65.216156 47.799885 40.479359 28.790518 55.323849 456.9621 
0.5749003 3.626116 95.030647 31.207298 100.74183 66.783882 45.741074 37.839214 23.589277 56.893288 457.82645 
0.5763319 3.167548 96.798149 30.636486 103.01439 67.531075 45.420681 37.311264 22.046873 57.750805 460.5097 
0.5763319 3.167548 96.130516 30.66045 102.61927 67.590378 45.486599 37.283287 22.037149 57.711887 459.51953 
0.5770726 4.625105 91.618088 32.598503 97.392212 65.590599 46.41058 39.602257 26.862696 55.808807 455.88376 
0.5786575 5.254721 90.367325 33.528378 95.588516 65.143051 47.396976 40.552139 28.845392 55.366093 456.78784 
0.5792477 4.334855 92.465538 32.21434 98.171745 65.811211 46.61734 39.016949 25.969437 55.996498 456.26303 
0.5795331 2.851016 97.382195 30.378862 104.08963 67.95327 45.178352 36.864616 21.021782 58.294712 461.16342 
0.5798108 5.146129 91.057182 33.40778 95.690758 65.291122 47.335327 40.366047 28.551369 55.390541 457.09012 
0.5799298 3.881827 93.664871 31.559078 99.570923 66.201988 45.87735 38.380733 24.432915 56.558876 456.24673 
0.5799932 5.494299 89.928925 33.852077 94.377823 64.808167 47.743641 40.981586 29.63443 55.245773 456.57245 
0.5813744 3.460922 95.47052 31.095537 100.93782 66.828445 45.495426 37.754562 23.08116 57.102638 457.76611 
0.5814776 5.203842 90.766602 33.516544 95.74231 65.279465 47.305336 40.402813 28.758053 55.321053 457.09216 
0.5815643 4.175549 92.785896 32.007576 98.484993 66.03936 46.194237 38.820965 25.47826 56.228176 456.03949 
0.5820432 3.605281 94.926453 31.229643 100.65404 66.778053 45.679577 37.905479 23.566998 56.930809 457.67105 
0.5822688 3.523194 94.836273 31.133677 101.25312 66.809326 45.453712 37.783333 23.31344 57.061001 457.64389 
0.5823715 5.345556 90.322357 33.747986 95.416016 65.231766 47.462746 40.6833 29.193935 55.345444 457.40356 
0.5826185 4.682444 91.668991 32.734715 97.059845 65.495354 46.904655 39.526443 27.084078 55.683323 456.15741 
0.584155 5.955395 89.237404 34.740547 93.750008 64.881805 48.282116 41.714935 31.090422 55.033047 458.73029 
0.5856522 2.914292 97.748268 30.576588 104.02638 67.931442 45.086258 37.00845 21.2586 58.171104 461.80713 
0.5877261 4.528245 91.837273 32.605125 97.023895 65.631096 46.474396 39.396095 26.686264 55.93211 455.58621 
0.5879808 5.465477 89.529716 34.108383 94.986252 65.043121 47.665909 40.94759 29.63512 55.344658 457.26077 
0.5903995 3.625658 94.886406 31.388847 100.45831 66.610832 45.470177 38.040199 23.744057 56.904305 457.50311 
0.5905892 4.798122 90.852165 33.08334 95.895401 65.301636 46.868504 39.901089 27.57198 55.547539 455.02167 
0.5911548 3.563798 94.672379 31.313211 100.51902 66.766022 45.477436 37.897469 23.552286 56.9562 457.15402 
0.5922685 4.025761 93.064682 32.001831 98.781418 66.11734 45.956287 38.607796 25.090296 56.41481 456.03448 
0.5930782 3.666573 93.799072 31.497406 99.958099 66.626472 45.435978 38.105972 23.912415 56.895481 456.23087 
0.5943863 3.201954 96.16095 30.975437 102.29725 66.987724 44.872131 37.37635 22.363806 57.5177 458.55133 
0.5947473 5.251452 90.416214 33.90654 95.262817 65.023521 47.322041 40.625301 29.068201 55.501884 457.12656 
0.5947473 5.251452 89.990326 33.89777 95.026863 65.134331 47.470058 40.590202 29.106129 55.46344 456.67914 
0.5957603 4.652745 91.295074 32.940659 96.675858 65.568581 46.414879 39.673584 27.21372 55.859261 455.6416 
0.5961063 5.438385 90.052284 34.191788 94.515091 65.086723 47.73386 40.997707 29.693464 55.387775 457.65869 
0.5982305 4.401487 91.913712 32.625671 97.150627 65.624153 46.328396 39.319691 26.399345 56.056885 455.41849 
0.5983264 5.082606 90.640526 33.690308 95.272926 65.350578 47.068172 40.377995 28.603861 55.621552 456.62592 
0.6006609 4.088862 92.86631 32.216324 98.471458 66.202469 45.915447 38.767036 25.395111 56.399891 456.23404 
0.6013024 4.089744 93.023773 32.226971 98.552277 66.068985 45.746323 38.750042 25.401789 56.390484 456.16064 
0.6017742 4.849135 91.128746 33.415039 95.69062 65.333099 46.625145 40.030842 27.838842 55.810486 455.87283 
0.6019256 5.387069 89.817558 34.224571 94.447693 65.154724 47.430634 40.922443 29.658945 55.36158 457.01813 
0.6021754 5.132384 90.496994 33.852592 95.142441 65.078979 47.047565 40.501499 28.818457 55.580921 456.51947 
0.6025389 3.366264 95.304832 31.286667 100.32624 66.92115 44.8498 37.601254 23.0257 57.326717 456.64236 
0.6026784 5.401962 89.951698 34.295433 94.399002 65.188148 47.52737 41.005501 29.64657 55.485428 457.49915 
0.6034908 4.708057 91.465591 33.189014 96.356346 65.558731 46.458748 39.78828 27.467079 55.847557 456.13135 
0.6042376 5.387069 90.173088 34.280201 94.44236 65.098175 47.43858 40.97781 29.649529 55.403431 457.4632 
0.6044759 5.387069 90.045227 34.218788 94.761658 65.195137 47.645111 40.968983 29.647137 55.396336 457.87836 
0.604516 4.020213 93.037643 32.254929 98.194862 66.094498 45.713692 38.638245 25.216171 56.388859 455.53888 
0.6078561 4.182573 92.926674 32.527561 97.423775 66.186256 45.872986 38.906189 25.76643 56.313435 455.92331 
0.6085064 3.616654 94.186707 31.7449 99.593018 66.497993 45.131905 38.023602 23.893421 57.045109 456.11664 
0.6087771 3.698364 93.942673 31.837109 99.382629 66.503296 45.081882 38.157478 24.22624 56.821053 455.95233 
0.6090301 6.006192 88.749336 35.366711 93.006577 64.798027 48.391838 42.112022 31.656744 55.330208 459.41147 
0.6106001 4.254322 92.437706 32.664513 97.523628 65.708336 46.036285 39.107197 26.079208 56.248512 455.80539 
0.6108913 4.358669 92.297058 32.776108 97.049561 65.512199 46.035446 39.301331 26.427141 56.267769 455.6666 
0.6109866 4.051358 93.249214 32.405914 97.995514 66.018929 45.545109 38.700665 25.369028 56.474819 455.75916 
0.6110328 4.553978 90.734108 33.164185 96.304283 65.584122 46.158821 39.622402 27.111168 56.106529 454.78561 
0.6110445 3.55565 93.918159 31.704014 99.660706 66.701759 45.293034 37.93145 23.738382 57.008083 455.9556 
0.6112597 5.250705 89.666794 34.24382 94.500557 65.209755 47.002983 40.807678 29.308702 55.523022 456.26331 
0.6112597 5.250705 89.934334 34.208981 94.507477 65.08815 47.07225 40.823898 29.328955 55.59203 456.55612 
0.6126703 3.55257 94.606918 31.685825 99.766212 66.533264 45.080467 37.89806 23.747766 57.1115 456.43005 
0.6129812 4.598446 91.282387 33.226692 96.067039 65.805405 46.367485 39.575199 27.263691 55.962135 455.55005 
0.6142519 3.786249 94.224609 32.06213 98.687271 66.541969 45.38134 38.408222 24.550257 56.813904 456.66974 
0.6149652 3.150231 95.713745 31.238811 101.42284 67.292114 44.706379 37.365986 22.366829 57.679966 457.78668 
0.6167322 5.349665 89.555519 34.528805 94.244766 65.070831 47.301601 41.035374 29.712782 55.54388 456.99353 
0.6175576 5.358893 89.737892 34.524269 94.127998 65.209015 47.241085 41.047306 29.784151 55.555191 457.22693 
0.6179399 3.782133 93.770248 32.116058 98.915031 66.170837 45.143257 38.391422 24.628355 56.762257 455.89746 
0.6200122 3.47595 94.704163 31.738791 99.784401 66.848145 45.006081 37.885464 23.591129 57.288933 456.84711 
0.6203958 5.013593 90.566162 34.104889 95.101471 65.353134 46.738449 40.448681 28.715054 55.728725 456.75659 
0.6206297 3.940352 92.945709 32.377998 98.025887 66.177879 45.467758 38.543674 25.12944 56.626678 455.29501 
0.6219958 3.134804 96.14061 31.341093 101.50655 67.308296 44.706295 37.376675 22.399578 57.733025 458.51212 
0.6236532 5.017747 90.541351 34.146233 94.72506 65.393448 46.645031 40.544128 28.741291 55.703251 456.43979 
0.6237444 3.982619 92.655029 32.520657 98.180862 66.153152 45.566807 38.749603 25.347986 56.602383 455.77649 
0.6238787 5.250277 90.094902 34.560181 94.436386 65.125145 47.092094 40.898129 29.494646 55.578735 457.28024 
0.6249611 2.873979 96.924576 31.084171 102.83354 67.705818 44.28233 36.996468 21.51292 58.257927 459.59772 
0.625149 4.587663 91.685417 33.501667 95.859825 65.665665 46.220768 39.786049 27.343649 56.144592 456.20764 
0.6257484 3.150231 95.974785 31.434622 101.3409 67.098618 44.603821 37.382145 22.48772 57.777267 458.09991 
0.6264142 5.542915 89.514015 35.141685 93.239189 65.267883 47.543495 41.47327 30.485964 55.634212 458.29971 
0.6282569 5.206573 90.128723 34.519012 94.282875 65.257736 46.991978 40.853447 29.453962 55.720665 457.2084 
0.6285652 4.814455 90.988892 33.995419 95.166283 65.646187 46.203426 40.222355 28.151915 56.084457 456.45892 
0.6286863 4.727564 91.207802 33.759678 95.552849 65.547409 46.015293 40.027004 27.878567 56.059425 456.04803 
0.6306145 3.72234 93.816345 32.33252 98.661636 66.195801 45.047802 38.369621 24.576897 56.891098 455.89172 
0.6327169 4.007437 92.662407 32.782799 97.4879 66.071945 45.33329 38.834827 25.51473 56.680233 455.36816 
0.6328412 5.583924 89.569977 35.304115 93.422256 65.141083 47.371853 41.575001 30.673759 55.587437 458.64551 
0.6329254 6.593002 87.902977 37.052776 91.416618 64.929756 49.102287 43.354019 33.920444 55.503269 463.18213 
0.6329254 6.593002 87.709671 37.134781 91.628151 65.098579 48.894508 43.445454 33.853214 55.488739 463.25308 
0.6332736 4.698202 90.998215 33.811466 95.44046 65.586456 46.128601 39.974812 27.841984 56.07053 455.85254 
0.6335538 5.783562 89.025032 35.726246 93.077232 64.974403 47.746296 41.969891 31.367931 55.627457 459.51447 
0.6347846 3.771519 93.34697 32.461712 98.200615 66.38446 45.067883 38.486149 24.717966 56.910458 455.5762 
0.6366329 4.228376 92.070366 33.22929 96.63652 65.911324 45.467033 39.24403 26.34174 56.523369 455.42368 
0.6368828 3.949812 92.89547 32.730827 97.276474 66.190681 45.364262 38.775814 25.355108 56.635212 455.22385 
0.640097 4.074495 92.555359 33.062073 97.045883 66.058273 45.332733 39.012665 25.813049 56.637802 455.51782 
0.6408556 5.551785 88.900452 35.48827 93.392029 65.002739 47.207741 41.657948 30.751614 55.806068 458.20685 
0.6409486 5.387069 89.763321 35.210983 93.404861 65.143967 47.218643 41.320641 30.217142 55.820488 458.10004 
0.6415441 3.863654 93.233383 32.750011 97.844742 66.230324 45.12746 38.614105 25.174425 56.922962 455.89746 
0.6424071 3.487765 94.302589 32.207253 99.101646 66.630585 44.836433 38.038235 23.869875 57.334698 456.32129 
0.6424276 4.010835 92.543777 32.954414 97.379448 66.100212 45.425636 38.921524 25.661797 56.716137 455.70294 
0.6424914 4.449129 91.492775 33.687195 95.675468 65.694389 45.725864 39.631374 27.113991 56.342613 455.36368 
0.6428126 4.650018 91.161392 34.060947 95.273827 65.484596 46.043026 40.021732 27.854912 56.167683 456.06812 
0.644374 4.842978 90.7882 34.338173 94.72435 65.479431 46.338966 40.391613 28.499466 56.095646 456.65582 
0.645085 4.486985 91.677368 33.76783 95.473747 65.538017 45.827393 39.722332 27.282021 56.326096 455.61481 
0.6460358 4.90735 90.780739 34.473969 94.555733 65.33358 46.420383 40.548019 28.710392 55.968227 456.79105 
0.6465063 4.090632 92.456566 33.181225 96.803703 65.982971 45.333946 39.007675 25.972239 56.61787 455.3562 
0.648212 4.305379 91.645065 33.512257 96.166489 65.866013 45.478809 39.442097 26.72172 56.452797 455.28525 
0.6486566 5.343981 90.001312 35.311741 93.48111 65.286835 46.986988 41.326305 30.16996 55.941757 458.50598 
0.6503299 3.619419 93.955742 32.558662 98.262032 66.620399 44.711071 38.258148 24.410461 57.236736 456.01321 
0.6505748 4.078223 92.32608 33.21381 96.751221 65.986092 45.283314 39.150536 26.001583 56.783268 455.49591 
0.6510084 3.581096 94.075401 32.508427 98.719147 66.604515 44.821049 38.253841 24.281788 57.346989 456.61118 
0.651248 4.191486 92.140427 33.495399 96.351036 65.9664 45.263264 39.236565 26.363424 56.601341 455.41788 
0.6538217 4.91931 90.383667 34.719742 94.347267 65.280533 46.401939 40.622356 28.834587 56.281265 456.87134 
0.6541122 4.223669 91.865967 33.611259 96.121468 65.859459 45.450958 39.337681 26.537136 56.66468 455.44861 
0.6541122 4.223669 91.602844 33.587986 96.188499 65.776367 45.427269 39.37471 26.513847 56.682922 455.15448 
0.656871 2.818387 96.700111 31.571903 101.83695 67.877045 44.091766 37.027599 21.640587 58.479084 459.22507 
0.6570274 4.126818 92.391701 33.459816 96.520836 65.994705 45.166283 39.230858 26.255421 56.714542 455.73419 
0.6582683 5.255543 89.789474 35.476826 93.445732 65.393944 46.899075 41.336601 30.042103 56.178905 458.56268 
0.6607256 4.009701 92.741333 33.355541 96.814919 66.032913 45.256355 39.093201 25.906902 56.879978 456.08112 
0.6615805 2.625149 97.638031 31.485439 102.8463 68.423584 43.944523 36.81599 20.961391 58.897186 461.01245 
0.6623447 3.78782 93.007736 33.003277 97.433113 66.394211 44.923458 38.681572 25.148144 57.123878 455.71536 
0.663011 4.47515 91.419083 34.236843 95.342957 65.76313 45.598804 39.879211 27.50124 56.579689 456.32098 
0.6632241 5.277466 89.857887 35.585838 93.407509 65.442673 46.77895 41.420784 30.182764 56.272846 458.94925 
0.6636705 3.785216 93.19046 33.063232 97.434395 66.307205 44.705296 38.722729 25.158693 57.129005 455.711 
0.6647103 4.034822 92.439514 33.520638 96.553299 66.114906 45.150341 39.15551 26.008612 56.869709 455.81253 
0.6662492 3.150231 95.325661 32.229485 100.03496 67.227165 44.237164 37.603931 22.907316 58.065804 457.63147 
0.6671473 3.760359 92.856789 33.10862 97.400192 66.373817 44.755836 38.632877 25.082947 57.305912 455.51697 
0.6695047 5.260078 89.906349 35.781536 93.158295 65.523773 46.793194 41.499435 30.186136 56.368973 459.21765 
0.6696134 5.2975 89.602707 35.778034 93.097862 65.504524 46.763248 41.53289 30.321659 56.322155 458.92307 
0.6697762 3.483904 93.809593 32.769962 98.357285 66.750099 44.461987 38.185112 24.143227 57.525341 456.00259 
0.6705268 3.150231 95.359879 32.359711 100.00314 67.204651 44.272961 37.6231 22.991737 58.074009 457.88916 
0.6718783 3.682775 93.145775 33.102077 97.703819 66.497147 44.666615 38.56226 24.877241 57.343277 455.89819 
0.6719498 4.576202 91.025398 34.604977 94.821304 65.680786 45.812141 40.237354 27.971745 56.695919 456.84961 
0.673407 3.150231 95.147041 32.384567 99.835991 67.240311 44.111614 37.701141 23.032669 57.975677 457.42899 
0.6738553 2.96229 95.908615 32.114948 100.48388 67.641907 44.084763 37.387833 22.337152 58.429424 458.38852 
0.6753036 3.900155 92.784172 33.553223 96.792152 66.256554 44.953056 39.012695 25.670071 57.175907 456.19785 
0.6762362 3.050366 95.698029 32.298592 100.09241 67.424667 43.933548 37.522591 22.676188 58.189613 457.83557 
0.6763631 3.896471 92.798523 33.585464 96.585526 66.397041 44.902313 38.964657 25.671923 57.190453 456.09592 
0.6764753 3.791354 93.081146 33.366871 96.861755 66.187691 44.742378 38.834423 25.307432 57.380032 455.76172 
0.6775332 3.516769 93.930641 32.997921 98.063469 66.691864 44.423923 38.333694 24.362253 57.556484 456.36026 
0.6775332 3.516769 94.018486 32.950588 97.889069 66.794212 44.469673 38.287689 24.369585 57.624062 456.40335 
0.6780042 3.511086 94.068878 33.007023 98.102524 66.744949 44.462658 38.304516 24.317707 57.643738 456.65198 
0.6784501 5.002145 90.263245 35.549717 93.480713 65.569931 46.451565 41.101517 29.509474 56.6035 458.52966 
0.6785119 3.494527 94.184448 33.005688 98.086266 66.820526 44.421864 38.24189 24.313765 57.738018 456.81244 
0.6803173 2.601614 97.404694 31.787672 102.45653 68.339409 43.939468 36.859165 21.056259 59.163662 461.00687 
0.6816019 5.239594 89.671204 36.034492 92.919937 65.537964 46.79818 41.601639 30.342669 56.588764 459.49487 
0.6818021 4.960722 90.259224 35.513321 93.617455 65.600319 46.37907 41.066601 29.358366 56.773792 458.56815 
0.6829415 4.819188 90.629921 35.300125 93.867958 65.744461 46.122112 40.82534 28.942337 56.788261 458.22052 
0.683313 4.292104 91.852066 34.380344 95.194092 66.21476 45.368111 39.77145 27.116278 57.065655 456.96274 
0.6843541 5.020617 90.017738 35.762291 93.33271 65.628784 46.402462 41.22538 29.606945 56.728226 458.70453 
0.6863358 4.101592 91.874191 34.157059 95.752563 66.180504 45.16909 39.48016 26.529543 57.195713 456.33884 
0.6880697 3.150231 95.114929 32.714432 99.573921 67.305992 44.222076 37.789013 23.132277 58.262398 458.11502 
0.6887823 4.121456 91.642319 34.288265 95.611992 66.139832 45.166821 39.564621 26.626312 57.24144 456.28156 
0.6896122 3.668729 93.224472 33.519432 97.1632 66.601128 44.653858 38.701134 25.037706 57.63723 456.53821 
0.692383 3.825398 92.655243 33.795578 96.614685 66.431801 44.826164 39.040031 25.673227 57.47562 456.51236 
0.6925456 4.004403 92.363495 34.128761 95.976997 66.247238 45.041687 39.331215 26.256453 57.335358 456.68118 
0.6926567 5.050626 89.641838 36.007374 93.036758 65.667618 46.409962 41.38081 29.863117 56.864376 458.87186 
0.6941733 3.805111 92.760941 33.874519 96.620216 66.443939 44.851223 38.970459 25.61199 57.486443 456.61975 
0.6953651 2.763607 96.659706 32.31881 100.97935 68.179916 43.842209 37.172802 21.8339 58.963406 459.95007 
0.6986762 4.001928 92.134163 34.366974 95.966263 66.34507 45.017681 39.368267 26.349134 57.513142 457.06067 
0.7002794 3.733279 92.917839 33.873611 96.512398 66.640625 44.555759 38.964043 25.416634 57.640675 456.52158 
0.7004986 4.255524 91.505348 34.793968 94.953896 66.235588 45.287365 39.943066 27.226315 57.308868 457.25439 
0.7009543 4.785042 90.380165 35.792213 93.623535 66.006233 46.084221 41.016758 29.080723 57.181309 459.16516 
0.7018791 4.537581 90.870972 35.330101 94.248489 66.073631 45.63966 40.495251 28.302671 57.306812 458.26758 
0.7038479 5.149303 89.876968 36.518139 92.765572 65.820152 46.62624 41.725651 30.341801 57.159859 460.83438 
0.7054972 2.921659 95.553398 32.775078 99.986488 67.81649 43.879539 37.511532 22.496927 58.848293 458.86777 
0.7054972 2.921659 95.582306 32.756409 99.968636 67.816261 43.930454 37.547901 22.514523 58.81683 458.93332 
0.7082131 4.484173 91.069046 35.446308 94.168839 66.227654 45.624462 40.483795 28.140476 57.407791 458.56836 
0.7097567 5.124353 89.832787 36.641743 92.714958 65.951256 46.617821 41.758327 30.411032 57.301682 461.22961 
0.709934 4.579314 90.977867 35.604218 94.00708 66.012779 45.793358 40.718689 28.480032 57.453842 459.04791 
0.7119207 3.178758 94.738739 33.306393 98.740738 67.412643 44.147446 38.06662 23.520809 58.572399 458.50577 
0.7128985 3.683793 92.972122 34.128639 96.707291 66.722305 44.608498 39.048592 25.369715 58.043289 457.6004 
0.7137257 5.020337 89.746277 36.567574 92.724716 65.968582 46.405964 41.680729 30.076824 57.388676 460.55933 
0.7196467 3.41674 93.8461 33.891403 97.492752 67.02729 44.352325 38.638233 24.482388 58.458607 458.18912 
0.7209221 3.85235 92.383385 34.657246 95.844749 66.736954 44.823181 39.441586 26.064949 58.024982 457.97702 
0.7235548 4.283356 91.348648 35.518452 94.48262 66.609756 45.410564 40.229553 27.715183 57.834908 459.14966 
0.7244262 4.652596 90.200996 36.196117 93.282867 66.278557 45.868275 41.06472 29.036896 57.718876 459.64731 
0.7283486 3.978593 92.025566 35.097061 95.304558 66.557671 45.044678 39.765961 26.675331 58.136162 458.60699 
0.7317409 5.098647 89.909401 37.248405 92.390793 66.252541 46.678715 42.098164 30.614908 57.805706 462.99863 
0.7393066 3.968517 92.169647 35.393215 95.145378 66.928612 45.093151 39.935799 26.7307 58.458084 459.85461 
0.7398282 3.794275 92.641647 35.053631 95.692154 67.064041 44.810844 39.581738 26.10446 58.467709 459.41623 
0.7423964 4.049015 91.764832 35.604725 94.952339 66.862297 45.178589 40.127892 27.076466 58.419571 459.98676 
0.7462574 4.165774 91.392036 35.957611 94.482025 66.722023 45.289989 40.439217 27.541788 58.520691 460.34534 
0.7484898 3.770927 92.636665 35.306149 95.643723 67.211311 44.879044 39.638268 26.167589 58.731159 460.21393 
0.74932 2.769204 96.151306 33.611984 99.739929 68.41909 43.840122 37.754433 22.415686 59.950298 461.88281 
0.7511228 3.727256 92.677788 35.243576 95.788979 67.217613 44.797436 39.564934 26.001801 58.923046 460.21515 
0.7569493 4.007873 91.983742 36.079998 94.726082 67.096512 45.156292 40.222286 27.136061 58.927456 461.32843 
0.7576193 3.871714 92.261925 35.73415 95.238487 67.202957 45.012577 40.007042 26.622654 58.972591 461.05237 
0.7594686 3.589052 93.188629 35.306351 96.073128 67.437332 44.716595 39.421326 25.595589 59.215172 460.9541 
0.7610744 3.461994 93.463577 35.147945 96.61927 67.580719 44.536289 39.210789 25.163973 59.359554 461.08212 
0.7613145 3.679847 92.640549 35.494205 95.862038 67.277435 44.817673 39.664509 25.940092 59.205757 460.90228 
0.7661081 3.770783 92.404861 35.852375 95.39151 67.471397 44.971027 39.986607 26.337717 59.287689 461.70319 
0.7661081 3.770783 92.529785 35.834908 95.434959 67.388611 44.965473 39.95628 26.324795 59.345505 461.78033 
## Finished pointls.
