-101351923
778667612
-442722346
1569841332
-1975359626
967936286
-1072635306
-686632816
-471667600
1309528931
992783836
2138848792
1958267267
967558275
789950937
-1933654300
1053661734
-1609418398
1280775153
1543730707
-827975762
-1641550406
-1677609729
-2093696673
2024297375
-2073329306
61619123
-1470785566
-1189057511
-125164416
248275969
660972693
1011609549
1192791322
-1234528649
1478681363
-1850222273
-1996255880
-939154455
-880352334
492836115
-160403664
518627011
1584703425
458248320
1123447677
184919724
-1883058975
-1118811381
551391449
-1100046031
1986877603
-1696318100
1247427258
1530307665
1775913832
-678783779
1571495428
898784109
247117068
-1751697676
277964929
759884539
-1561562237
2081640772
-1790520844
-1178399999
-1018059190
-240267308
145979248
26906885
721045167
1982611813
-2113147064
816500959
-1998609426
-1316227527
-373846449
342124706
-540650338
1476777030
1202709084
2017563193
816134535
1265881780
-1344006718
1986340722
-599190156
404353175
982612161
1471263901
556990951
582791324
-1811192370
1382531378
-453559826
-2040473738
-2100523636
29
