187	8	0
Cac03
Tmac06
Cac14
Cac18
Cyne20
Soc418
Soc423
Soc609
1	176	180	134	136	154	154	241	249	270	270	250	250	166	168	255	267
2	184	188	134	136	164	168	241	251	270	270	250	251	166	166	251	255
3	174	194	134	134	152	168	247	251	270	270	251	252	166	168	259	267
4	184	190	134	138	164	166	251	255	270	270	250	251	166	166	255	255
5	174	176	134	134	164	166	237	249	270	270	251	252	166	168	259	259
6	176	176	134	136	162	164	247	251	270	270	250	250	166	166	255	255
7	174	178	134	134	162	170	241	255	270	274	250	252	166	166	259	259
8	178	178	134	134	156	166	237	241	270	270	250	250	166	166	255	255
9	178	178	134	134	152	166	237	237	264	270	251	252	166	168	255	255
10	172	178	134	134	152	158	237	247	270	270	246	250	166	166	255	255
11	176	182	134	136	150	168	239	255	270	270	251	251	166	168	255	261
12	178	182	134	136	166	170	243	247	270	270	250	251	166	166	255	255
13	178	180	134	136	162	166	241	253	270	270	246	251	166	166	255	257
14	174	178	134	134	154	166	237	251	270	270	250	250	166	168	255	257
15	168	176	134	136	154	156	243	249	270	270	246	252	166	166	249	255
16	176	178	134	136	164	166	241	241	270	270	246	251	166	166	249	255
17	176	190	136	136	150	166	237	251	242	274	250	251	166	168	255	259
18	190	190	134	134	166	168	237	251	270	270	251	252	166	166	259	265
19	184	188	134	136	164	168	241	251	270	270	250	251	166	166	251	255
20	174	188	134	136	166	178	239	241	270	270	250	250	166	168	249	257
21	176	196	134	134	166	168	241	253	270	270	250	252	166	166	255	259
22	168	174	134	136	162	168	237	253	270	270	250	251	166	166	255	257
23	174	182	134	140	162	170	241	247	270	274	251	251	166	168	255	261
24	178	190	134	134	138	138	237	241	270	270	250	250	166	166	259	261
25	190	190	134	136	162	182	241	255	270	270	250	250	166	166	259	259
26	174	178	134	136	166	166	241	249	270	270	250	250	166	166	257	261
27	184	196	134	136	166	168	237	253	270	270	250	251	166	166	249	255
28	182	188	134	136	166	166	237	247	270	270	251	252	166	168	255	259
29	172	212	136	136	162	166	237	249	270	270	250	251	166	166	257	271
30	174	182	134	136	160	166	241	249	270	270	250	252	166	166	255	255
31	176	182	134	136	164	164	241	241	270	270	250	252	166	168	249	253
32	176	192	134	134	166	166	241	249	270	272	250	251	166	166	255	265
33	174	182	134	138	166	166	241	241	270	270	251	254	166	166	255	255
34	174	184	134	134	154	184	241	251	270	270	250	250	166	166	255	257
35	176	178	134	140	156	168	237	241	266	270	250	251	166	168	255	259
36	176	178	134	134	150	170	237	239	270	274	251	254	166	168	251	259
37	174	190	134	136	164	166	237	249	262	270	250	250	166	166	255	257
38	176	178	134	134	164	168	237	241	266	270	250	251	166	168	255	261
39	174	178	134	136	168	170	241	249	270	270	250	251	166	168	255	257
40	174	178	134	134	154	172	237	241	270	270	250	252	166	166	255	257
41	174	176	134	134	162	172	237	241	270	270	250	251	166	166	255	259
42	176	176	134	134	150	168	237	241	270	282	251	251	166	166	253	257
43	174	176	134	136	154	164	237	249	270	274	251	252	166	166	253	255
44	176	190	134	134	158	168	237	241	270	274	250	251	166	168	255	259
45	174	188	134	134	166	168	241	247	270	270	251	251	166	168	259	261
46	176	180	134	136	156	168	241	241	270	270	251	251	166	166	253	255
47	174	178	134	136	164	166	249	253	270	270	250	251	166	168	255	257
48	176	190	134	134	154	168	253	263	270	270	250	252	166	168	255	257
49	174	214	134	134	160	170	237	249	270	278	250	251	166	166	255	257
50	176	188	134	134	162	168	241	247	270	270	250	251	166	168	253	255
51	172	178	134	134	164	174	241	241	270	270	250	251	166	166	255	257
52	174	176	134	138	150	156	237	249	270	270	250	251	166	166	257	257
53	176	180	134	134	164	166	237	237	266	270	250	252	166	166	255	255
54	190	192	134	138	138	168	239	241	270	270	250	251	166	168	255	259
55	174	188	134	136	156	162	237	255	270	270	251	252	166	168	257	263
56	172	178	134	134	146	184	237	241	270	270	250	250	166	166	247	249
57	176	176	134	134	164	168	237	247	262	270	251	251	166	166	257	257
58	174	176	134	134	152	170	237	237	266	270	250	251	166	166	257	257
59	174	184	134	134	168	168	237	247	270	274	250	251	166	166	255	255
60	176	178	134	134	154	162	237	241	270	270	246	250	166	166	257	257
61	188	190	134	134	166	170	247	253	270	270	252	252	166	166	249	255
62	176	178	134	134	166	170	249	261	270	270	250	252	166	166	255	255
63	174	178	134	136	156	164	249	251	270	270	250	251	168	168	241	257
64	176	176	134	134	158	166	241	253	270	270	251	251	166	166	257	259
65	174	176	136	136	130	166	237	253	270	274	250	251	166	166	255	255
66	178	192	134	136	162	168	237	243	270	270	250	251	168	168	257	263
67	174	174	134	134	158	166	251	253	270	270	251	251	166	166	255	261
68	174	176	134	134	166	166	237	251	270	270	251	254	166	166	251	257
69	180	204	134	134	166	182	237	237	270	270	250	251	166	166	255	259
70	194	194	134	134	146	166	237	241	270	270	251	252	166	166	257	259
71	174	176	134	134	164	166	247	249	270	270	250	250	166	166	255	255
72	176	184	134	134	166	168	241	251	270	270	250	250	168	168	257	261
73	178	178	136	136	166	166	249	265	270	274	250	250	166	168	255	255
74	178	188	132	134	164	170	249	251	270	270	250	252	166	166	255	261
75	174	184	134	136	166	168	249	251	270	270	251	252	166	166	253	267
76	176	188	134	134	166	166	247	249	266	270	246	250	166	166	255	255
77	176	178	134	134	152	166	237	241	270	270	251	251	168	168	255	259
78	174	176	134	138	162	166	239	249	270	270	250	250	166	168	257	261
79	178	188	134	134	162	166	237	249	270	270	251	252	166	168	249	261
80	180	188	134	134	166	168	249	251	270	270	250	250	166	166	251	257
81	178	196	134	134	166	170	237	251	270	270	250	250	166	166	253	255
82	174	178	134	136	162	166	239	241	270	274	250	251	166	168	257	259
83	188	192	134	136	164	164	237	247	270	270	250	251	166	166	255	255
84	174	176	134	136	154	162	245	247	268	274	250	250	166	166	255	259
85	192	206	134	134	156	170	237	243	270	270	250	251	166	166	249	255
86	194	198	134	134	164	166	247	247	270	270	251	251	166	168	249	255
87	174	176	134	142	162	166	243	247	266	270	250	251	166	168	257	261
88	176	192	136	138	164	168	237	247	270	270	250	250	166	166	253	257
89	176	176	134	136	170	170	237	245	270	270	246	251	166	166	255	259
90	178	178	134	134	164	168	237	247	266	270	250	250	166	166	251	255
91	176	194	134	136	164	168	237	241	270	270	250	251	166	166	255	255
92	178	190	134	134	166	168	241	249	270	270	250	251	168	168	255	257
93	174	190	136	136	164	170	241	249	266	270	250	251	166	168	255	259
94	174	188	134	134	166	168	251	251	266	270	251	251	166	168	255	255
95	176	178	134	134	154	166	237	247	270	274	251	252	166	166	255	255
96	186	188	134	134	150	164	239	247	270	270	250	251	166	166	255	255
97	174	178	134	136	154	156	239	241	274	274	250	251	166	166	253	261
98	176	178	134	134	156	168	237	251	270	270	250	251	166	166	257	261
99	174	174	134	136	166	172	237	247	264	270	250	250	166	166	255	255
100	178	180	134	136	168	168	247	247	262	270	251	251	166	168	251	261
101	174	176	134	136	144	152	237	251	270	270	250	251	166	168	255	257
102	174	178	134	134	166	168	249	251	270	270	250	251	166	166	249	261
103	174	180	134	134	166	180	237	241	270	270	250	250	166	166	255	257
104	176	190	134	136	164	166	241	241	270	270	250	251	166	168	251	255
105	174	200	134	134	166	168	237	237	270	274	250	252	166	166	255	261
106	178	178	136	136	164	166	249	251	270	270	251	251	166	166	249	255
107	184	190	134	134	130	168	241	251	270	270	246	252	166	166	265	267
108	176	188	134	134	168	168	237	265	262	270	250	250	166	166	255	261
109	176	182	134	136	168	168	241	263	262	270	251	251	166	168	249	257
110	174	176	134	136	156	168	237	249	262	270	250	250	166	168	255	257
111	176	182	134	136	162	170	237	239	270	270	250	251	166	166	255	257
112	174	176	134	134	156	166	237	255	270	274	250	251	166	168	249	255
113	174	178	136	142	166	176	241	249	270	274	250	250	166	166	249	249
114	176	188	134	136	166	166	237	243	270	270	250	250	166	166	255	267
115	178	188	134	134	152	152	237	247	270	270	251	252	166	166	253	267
116	178	188	134	134	164	168	251	251	270	270	250	251	166	166	255	255
117	176	190	136	136	152	166	241	245	262	270	250	250	166	166	255	257
118	178	184	134	138	166	168	237	241	270	274	252	252	166	168	253	257
119	176	192	134	134	160	160	241	247	270	270	250	251	166	166	253	253
120	194	198	132	134	168	170	237	249	270	270	250	250	166	168	255	259
121	172	176	134	134	166	166	243	247	270	270	250	250	166	168	251	255
122	176	192	134	134	166	166	237	241	266	270	246	250	166	168	261	265
123	180	190	134	136	166	170	239	243	270	270	246	251	166	166	255	257
124	176	186	134	136	166	166	237	237	270	270	251	252	166	166	253	259
125	174	192	134	134	154	170	247	259	266	274	250	251	166	166	255	265
126	178	184	134	134	150	156	237	241	270	270	250	250	166	168	255	257
127	178	188	134	134	154	168	239	241	270	274	250	250	166	166	257	261
128	192	192	134	136	154	166	241	249	270	270	250	252	166	168	241	259
129	174	178	134	138	166	166	237	237	270	270	250	252	166	166	255	257
130	174	178	134	134	152	170	241	247	270	270	242	251	166	166	255	257
131	174	192	134	134	166	166	237	239	270	270	250	252	166	166	255	257
132	168	176	134	136	166	172	237	241	262	270	250	252	166	166	253	255
133	174	174	134	134	172	172	241	247	270	274	251	251	166	166	255	255
134	178	182	134	136	152	166	249	249	262	270	250	250	168	168	253	255
135	172	176	134	134	166	166	241	249	266	270	246	251	166	168	261	261
136	172	180	134	134	166	166	237	241	270	270	250	251	166	168	253	255
137	192	200	134	134	164	166	237	255	270	270	250	252	166	166	257	257
138	178	196	134	136	152	168	237	237	270	270	250	252	166	166	255	261
139	174	198	134	138	166	168	237	243	270	270	250	250	166	168	257	261
140	174	176	134	134	156	166	241	247	270	270	250	250	166	166	253	255
141	176	186	132	136	166	168	237	247	270	270	250	254	166	166	255	255
142	176	184	134	136	166	184	241	247	270	270	250	251	166	168	259	261
143	178	204	130	134	168	168	241	251	270	270	250	251	166	166	253	261
144	168	176	134	136	166	174	237	249	270	270	250	252	166	168	255	259
145	174	178	134	136	164	166	237	251	270	274	250	252	166	168	255	255
146	176	178	136	138	158	166	241	247	266	270	250	251	166	168	253	257
147	176	178	134	134	162	162	243	251	270	270	250	250	166	168	255	255
148	178	200	134	136	164	168	237	241	270	270	251	252	168	168	255	257
149	174	176	136	136	166	168	245	251	270	270	250	250	166	166	255	255
150	182	192	134	134	166	166	241	251	266	270	251	251	166	166	255	261
151	168	176	134	134	166	168	249	251	270	270	250	251	166	166	255	261
152	176	178	134	134	168	170	237	237	270	270	250	250	166	166	255	257
153	178	192	136	136	158	166	237	247	270	270	251	252	168	168	259	261
154	178	192	134	136	158	164	237	249	270	270	251	251	166	168	255	257
155	168	176	134	136	130	168	249	249	270	270	250	252	166	166	257	257
156	176	178	134	136	166	166	241	249	270	274	250	250	166	166	255	257
157	174	176	134	134	154	166	241	251	266	270	250	251	166	168	255	259
158	190	192	134	134	164	164	237	247	270	270	250	251	166	166	257	261
159	188	190	134	136	166	168	237	247	262	270	250	250	166	166	253	255
160	174	176	134	136	156	166	247	255	270	270	250	251	166	166	255	261
161	174	174	134	134	164	170	239	251	270	270	250	250	166	168	249	257
162	172	182	134	138	164	166	237	249	266	270	246	250	166	168	255	255
163	174	176	134	136	164	166	249	251	266	270	251	252	166	166	255	257
164	178	188	134	138	152	166	237	243	270	270	250	252	166	168	249	253
165	178	178	134	134	166	168	237	255	270	274	251	251	166	166	253	257
166	176	178	132	134	168	168	245	251	270	270	242	250	166	168	255	255
167	174	184	134	134	166	166	237	237	270	270	252	252	166	166	251	257
168	178	178	134	136	164	164	245	247	266	270	251	252	166	166	259	259
169	184	194	134	136	164	180	241	241	270	274	251	251	166	166	255	257
170	176	178	134	134	162	162	241	241	270	270	252	254	166	166	257	261
171	176	176	134	134	162	166	243	251	270	270	250	251	166	166	255	257
172	172	180	134	136	156	166	241	243	270	270	251	252	166	166	257	259
173	178	190	134	134	162	166	241	255	270	270	251	251	166	168	255	263
174	176	190	132	134	160	166	241	241	270	270	251	252	168	168	259	265
175	174	180	134	134	166	172	241	251	270	270	250	251	166	168	255	255
176	174	176	134	134	158	162	249	249	270	270	251	252	166	166	255	261
177	176	178	134	134	166	168	249	249	266	270	251	252	166	168	255	257
178	176	190	134	136	160	164	241	249	266	270	250	251	166	166	249	257
179	174	174	134	134	156	162	247	251	274	274	250	252	166	166	249	255
180	176	186	134	134	166	168	241	255	270	270	250	251	166	168	255	257
181	172	176	134	134	154	168	237	237	270	270	250	252	166	168	257	261
182	178	192	134	136	166	168	237	249	262	270	250	252	166	166	255	255
183	178	178	134	136	162	170	237	239	270	270	251	251	166	168	255	257
184	178	198	132	134	156	168	237	255	262	270	250	251	166	168	251	267
185	174	174	134	136	152	168	241	251	242	270	246	251	166	168	255	257
186	174	188	134	136	130	152	245	249	262	270	250	251	166	166	249	259
187	174	196	134	136	164	180	237	241	270	270	250	251	166	166	253	257

