# Garza and Williamson 2001 input file.
# on the first row list
# pre-bottleneck theta = 4*(effective population size)*(mutation rate); theta = 4*NeiNe * (0.0005)
# then average size of mutations that are not one-step mutations
# then the percent of the time mutations are larger (not one-step)
5.189 3.5 0.1
#Cac03
2
168 172 174 176 178 180 182 184 186 188 190 192 194 196 198 200 204 206 212 214
6 10 70 85 73 12 12 14 4 23 23 18 7 5 4 3 2 1 1 1
#Tmac03
133 135 137 141 143 145 147 149 151 153 155 156 158 160 162 164 166 168 170 172 174 176 178
2 2 1 2 7 18 6 16 20 18 26 62 38 53 36 20 15 12 7 1 3 6 3
#Tmac06
2
130 132 134 136 138 140 142
1 6 264 87 12 2 2
#Cac13
158 160 164 166 168 170 172 174 176 178 180 182 184 186 188 190 192 194 196 198 200 202 204 206 208 210 212 214 216 220 222 224 226 228 230 240
1 1 1 1 10 7 22 3 11 10 49 7 48 47 8 15 58 10 5 4 5 4 3 4 5 3 5 5 5 6 2 3 1 2 2 1
#Cac14
2
130 138 144 146 150 152 154 156 158 160 162 164 166 168 170 172 174 176 178 180 182 184
4 3 1 2 7 15 17 18 8 6 27 43 116 65 23 7 2 1 1 3 2 3
#Cac18
2
237 239 241 243 245 247 249 251 253 255 259 261 263 265
97 14 85 13 7 41 49 40 10 12 1 1 2 2
#Cyne20
2
242 262 264 266 268 270 272 274 278 282
2 13 2 20 1 306 1 27 1 1
#Soc418
2
242 246 250 251 252 254
2 13 169 132 53 5
#Soc423
2
166 168
292 82
#Soc554
178 180 182 184 186 188 190 192 194 196 198 200 202 205 207 209 211 213 215 217 221 223 225 227 251 265
4 7 10 18 9 14 23 133 34 25 22 22 9 5 5 4 4 6 3 6 1 4 2 2 1 1
#Soc609
2
241 247 249 251 253 255 257 259 261 263 265 267 271
2 1 21 11 24 150 76 38 34 3 6 7 1