   Co09-CO13  1 0.5218 0.4782 
   Co09-SC01  1 0.4994 0.5006 
   Co09-SC02  1 0.5573 0.4427 
   Co09-SC03  1 0.5004 0.4996 
   Co09-SC04  1 0.4684 0.5316 
   Co09-SC05  1 0.4296 0.5704 
   Co09-SC06  1 0.5462 0.4538 
   Co09-SC07  1 0.4046 0.5954 
   Co09-SC08  1 0.4607 0.5393 
   Co09-SC10  1 0.5092 0.4908 
   Co09-SC11  1 0.5569 0.4431 
   Co09-SC12  1 0.4891 0.5109 
   Co09-SC14  1 0.5146 0.4854 
   Co09-SC15  1 0.4212 0.5788 
   Co09-SC16  1 0.5617 0.4383 
   Co09-SC18  1 0.4699 0.5301 
   Co09-SC19  1 0.5445 0.4555 
   Co09-SC20  1 0.5172 0.4828 
   Co09-SC21  1 0.5003 0.4997 
   Co09-SC23  1 0.5308 0.4692 
   Co09-SC24  1 0.4871 0.5129 
   Co09-SC25  1 0.4948 0.5052 
   Co09-SC27  1 0.5728 0.4272 
   Co09-SC28  1 0.5312 0.4688 
   Co09-SC29  1 0.5843 0.4157 
   Co09-SC30  1 0.4247 0.5753 
   Co09-SC31  1 0.5142 0.4858 
   Co09-SF05  1 0.5037 0.4963 
   Co09-SF08  1 0.5389 0.4611 
   Co09-SF12  1 0.4766 0.5234 
   Co09-SF13  1 0.5211 0.4789 
   Co09-SF15  1 0.4871 0.5129 
   Co09-SF16  1 0.4835 0.5165 
   Co09-SF20  1 0.4893 0.5107 
   Co09-SF21  1 0.5047 0.4953 
   Co09-SF22  1 0.5783 0.4217 
   Co09-SF24  1 0.4536 0.5464 
   Co09-SF25  1 0.4535 0.5465 
   Co09-SF27  1 0.4565 0.5435 
   Co09-SF28  1 0.4632 0.5368 
   Co09-SF29  1 0.4755 0.5245 
   Co09-SF30  1 0.5022 0.4978 
  Co09-SF301  1 0.4882 0.5118 
  Co09-SF302  1 0.5116 0.4884 
  Co09-SF303  1 0.5048 0.4952 
  Co09-SF304  1 0.5056 0.4944 
  Co09-SF307  1 0.4523 0.5477 
  Co09-SF308  1 0.5233 0.4767 
  Co09-SF309  1 0.5231 0.4769 
  Co09-SF310  1 0.4945 0.5055 
  Co09-SF311  1 0.4865 0.5135 
  Co09-SF324  1 0.4896 0.5104 
  Co09-SF328  1 0.4358 0.5642 
  Co09-SF331  1 0.5741 0.4259 
  Co09-SF335  1 0.5610 0.4390 
  Co09-SF341  1 0.5528 0.4472 
  Co09-SF349  1 0.4547 0.5453 
   Co10-SF50  1 0.4706 0.5294 
   Co13-2082  1 0.4584 0.5416 
   Co13-2084  1 0.4734 0.5266 
   Co13-2085  1 0.5407 0.4593 
   Co13-2086  1 0.4490 0.5510 
   Co13-2087  1 0.5045 0.4955 
   Co13-2092  1 0.4949 0.5051 
   Co13-2093  1 0.4850 0.5150 
   Co13-2097  1 0.5414 0.4586 
   Co13-2098  1 0.4858 0.5142 
   Co13-2099  1 0.4558 0.5442 
   Co13-2100  1 0.5084 0.4916 
   Co13-2101  1 0.5396 0.4604 
   Co13-2102  1 0.3989 0.6011 
   Co13-2103  1 0.4699 0.5301 
   Co13-2104  1 0.4602 0.5398 
   Co13-2105  1 0.5000 0.5000 
   Co13-2106  1 0.5087 0.4913 
   Co13-2107  1 0.4581 0.5419 
   Co13-2108  1 0.4730 0.5270 
   Co13-2109  1 0.4961 0.5039 
   Co13-2110  1 0.5058 0.4942 
   Co13-2111  1 0.4799 0.5201 
   Co13-2112  1 0.4621 0.5379 
   Co13-2114  1 0.5191 0.4809 
   Co13-2115  1 0.4699 0.5301 
   Co13-2116  1 0.5512 0.4488 
   Co13-2117  1 0.5528 0.4472 
   Co13-2119  1 0.5359 0.4641 
   Co13-2120  1 0.5351 0.4649 
   Co13-2121  1 0.4954 0.5046 
   Co13-2122  1 0.5208 0.4792 
   Co13-2123  1 0.4520 0.5480 
   Co13-2124  1 0.4444 0.5556 
   Co13-2125  1 0.4572 0.5428 
   Co13-2126  1 0.5304 0.4696 
   Co13-2127  1 0.4601 0.5399 
   Co13-2128  1 0.4505 0.5495 
   Co13-2129  1 0.5264 0.4736 
   Co13-2130  1 0.5673 0.4327 
   Co13-2131  1 0.4472 0.5528 
   Co13-2132  1 0.4653 0.5347 
   Co13-2133  1 0.5578 0.4422 
   Co13-2134  1 0.4832 0.5168 
   Co13-2135  1 0.4503 0.5497 
   Co13-2136  1 0.4582 0.5418 
   Co13-2137  1 0.4817 0.5183 
   Co13-2139  1 0.4685 0.5315 
   Co13-2140  1 0.4556 0.5444 
   Co13-2141  1 0.5863 0.4137 
   Co13-2142  1 0.4867 0.5133 
   Co13-2143  1 0.5539 0.4461 
   Co13-2144  1 0.4628 0.5372 
   Co13-2145  1 0.5045 0.4955 
   Co13-2146  1 0.4971 0.5029 
   Co13-2147  1 0.5408 0.4592 
   Co13-2149  1 0.4648 0.5352 
   Co13-2150  1 0.5502 0.4498 
   Co13-2184  1 0.4265 0.5735 
    Co13-Tg1  1 0.5163 0.4837 
     Co17-01  1 0.5231 0.4769 
     Co17-02  1 0.5571 0.4429 
     Co17-03  1 0.5403 0.4597 
     Co17-04  1 0.4867 0.5133 
     Co17-05  1 0.5163 0.4837 
     Co17-06  1 0.5577 0.4423 
     Co17-07  1 0.4847 0.5153 
     Co17-08  1 0.5795 0.4205 
     Co17-09  1 0.4894 0.5106 
     Co17-10  1 0.5161 0.4839 
     Co17-11  1 0.5602 0.4398 
     Co17-12  1 0.4151 0.5849 
     Co17-13  1 0.5037 0.4963 
     Co17-14  1 0.4489 0.5511 
     Co17-15  1 0.5147 0.4853 
     Co17-16  1 0.5070 0.4930 
     Co17-17  1 0.5199 0.4801 
     Co17-18  1 0.5210 0.4790 
     Co17-19  1 0.4847 0.5153 
     Co17-20  1 0.5011 0.4989 
     Co17-21  1 0.4844 0.5156 
     Co17-22  1 0.5080 0.4920 
     Co17-23  1 0.4510 0.5490 
     Co17-24  1 0.4912 0.5088 
     Co17-25  1 0.5363 0.4637 
     Co17-26  1 0.5231 0.4769 
     Co17-27  1 0.5026 0.4974 
     Co17-28  1 0.4367 0.5633 
     Co17-29  1 0.5319 0.4681 
     Co17-30  1 0.4629 0.5371 
     Co17-31  1 0.4902 0.5098 
     Co17-32  1 0.4338 0.5662 
     Co17-34  1 0.4999 0.5001 
     Co17-35  1 0.4512 0.5488 
     Co17-36  1 0.4063 0.5937 
     Co17-37  1 0.5524 0.4476 
     Co17-38  1 0.4929 0.5071 
     Co17-39  1 0.4970 0.5030 
     Co17-40  1 0.4200 0.5800 
     Co17-41  1 0.4766 0.5234 
     Co17-43  1 0.4970 0.5030 
     Co17-46  1 0.4998 0.5002 
     Co17-47  1 0.4842 0.5158 
     Co17-48  1 0.4949 0.5051 
     Co17-49  1 0.5191 0.4809 
     Co17-50  1 0.4451 0.5549 
     Co17-51  1 0.5485 0.4515 
     Co17-52  1 0.4790 0.5210 
     Co17-53  1 0.4923 0.5077 
     Co17-54  1 0.4615 0.5385 
     Co17-55  1 0.5348 0.4652 
     Co17-56  1 0.5506 0.4494 
     Co17-57  1 0.5100 0.4900 
     Co17-58  1 0.4421 0.5579 
     Co17-60  1 0.5579 0.4421 
     Co17-62  1 0.5262 0.4738 
     Co17-65  1 0.5742 0.4258 
     Co17-67  1 0.4713 0.5287 
     Co17-68  1 0.4860 0.5140 
     Co17-69  1 0.4435 0.5565 
     Co17-70  1 0.5300 0.4700 
     Co17-73  1 0.5280 0.4720 
     Co17-74  1 0.4785 0.5215 
     Co17-75  1 0.4856 0.5144 
     Co17-76  1 0.4560 0.5440 
     Co17-77  1 0.4951 0.5049 
     Co17-78  1 0.5943 0.4057 
     Co17-79  1 0.5201 0.4799 
     Co17-80  1 0.5906 0.4094 
     Co17-82  1 0.5159 0.4841 
