   Co09-CO13  1 0.5302 0.4698 
   Co09-SC01  1 0.4988 0.5012 
   Co09-SC02  1 0.5644 0.4356 
   Co09-SC03  1 0.5031 0.4969 
   Co09-SC04  1 0.4683 0.5317 
   Co09-SC05  1 0.4169 0.5831 
   Co09-SC06  1 0.5548 0.4452 
   Co09-SC07  1 0.3980 0.6020 
   Co09-SC08  1 0.4599 0.5401 
   Co09-SC10  1 0.5163 0.4837 
   Co09-SC11  1 0.5659 0.4341 
   Co09-SC12  1 0.4839 0.5161 
   Co09-SC14  1 0.5117 0.4883 
   Co09-SC15  1 0.4080 0.5920 
   Co09-SC16  1 0.5789 0.4211 
   Co09-SC18  1 0.4704 0.5296 
   Co09-SC19  1 0.5513 0.4487 
   Co09-SC20  1 0.5291 0.4709 
   Co09-SC21  1 0.4971 0.5029 
   Co09-SC23  1 0.5311 0.4689 
   Co09-SC24  1 0.4975 0.5025 
   Co09-SC25  1 0.4902 0.5098 
   Co09-SC27  1 0.5744 0.4256 
   Co09-SC28  1 0.5460 0.4540 
   Co09-SC29  1 0.6025 0.3975 
   Co09-SC30  1 0.4034 0.5966 
   Co09-SC31  1 0.5197 0.4803 
   Co09-SF05  1 0.4994 0.5006 
   Co09-SF08  1 0.5430 0.4570 
   Co09-SF12  1 0.4762 0.5238 
   Co09-SF13  1 0.5289 0.4711 
   Co09-SF15  1 0.4914 0.5086 
   Co09-SF16  1 0.4858 0.5142 
   Co09-SF20  1 0.4936 0.5064 
   Co09-SF21  1 0.5113 0.4887 
   Co09-SF22  1 0.5939 0.4061 
   Co09-SF24  1 0.4465 0.5535 
   Co09-SF25  1 0.4432 0.5568 
   Co09-SF27  1 0.4438 0.5562 
   Co09-SF28  1 0.4643 0.5357 
   Co09-SF29  1 0.4769 0.5231 
   Co09-SF30  1 0.5171 0.4829 
  Co09-SF301  1 0.4870 0.5130 
  Co09-SF302  1 0.5225 0.4775 
  Co09-SF303  1 0.4977 0.5023 
  Co09-SF304  1 0.5111 0.4889 
  Co09-SF307  1 0.4348 0.5652 
  Co09-SF308  1 0.5363 0.4637 
  Co09-SF309  1 0.5342 0.4658 
  Co09-SF310  1 0.4907 0.5093 
  Co09-SF311  1 0.4913 0.5087 
  Co09-SF324  1 0.4909 0.5091 
  Co09-SF328  1 0.4324 0.5676 
  Co09-SF331  1 0.5907 0.4093 
  Co09-SF335  1 0.5613 0.4387 
  Co09-SF341  1 0.5736 0.4264 
  Co09-SF349  1 0.4505 0.5495 
   Co10-SF50  1 0.4657 0.5343 
   Co13-2082  1 0.4538 0.5462 
   Co13-2084  1 0.4728 0.5272 
   Co13-2085  1 0.5472 0.4528 
   Co13-2086  1 0.4489 0.5511 
   Co13-2087  1 0.4937 0.5063 
   Co13-2092  1 0.4999 0.5001 
   Co13-2093  1 0.4827 0.5173 
   Co13-2097  1 0.5385 0.4615 
   Co13-2098  1 0.4756 0.5244 
   Co13-2099  1 0.4489 0.5511 
   Co13-2100  1 0.5232 0.4768 
   Co13-2101  1 0.5558 0.4442 
   Co13-2102  1 0.3859 0.6141 
   Co13-2103  1 0.4573 0.5427 
   Co13-2104  1 0.4479 0.5521 
   Co13-2105  1 0.4950 0.5050 
   Co13-2106  1 0.5068 0.4932 
   Co13-2107  1 0.4479 0.5521 
   Co13-2108  1 0.4711 0.5289 
   Co13-2109  1 0.4873 0.5127 
   Co13-2110  1 0.4953 0.5047 
   Co13-2111  1 0.4724 0.5276 
   Co13-2112  1 0.4613 0.5387 
   Co13-2114  1 0.5131 0.4869 
   Co13-2115  1 0.4619 0.5381 
   Co13-2116  1 0.5591 0.4409 
   Co13-2117  1 0.5656 0.4344 
   Co13-2119  1 0.5373 0.4627 
   Co13-2120  1 0.5267 0.4733 
   Co13-2121  1 0.4918 0.5082 
   Co13-2122  1 0.5338 0.4662 
   Co13-2123  1 0.4438 0.5562 
   Co13-2124  1 0.4450 0.5550 
   Co13-2125  1 0.4464 0.5536 
   Co13-2126  1 0.5255 0.4745 
   Co13-2127  1 0.4383 0.5617 
   Co13-2128  1 0.4481 0.5519 
   Co13-2129  1 0.5349 0.4651 
   Co13-2130  1 0.5705 0.4295 
   Co13-2131  1 0.4372 0.5628 
   Co13-2132  1 0.4591 0.5409 
   Co13-2133  1 0.5536 0.4464 
   Co13-2134  1 0.4780 0.5220 
   Co13-2135  1 0.4357 0.5643 
   Co13-2136  1 0.4574 0.5426 
   Co13-2137  1 0.4829 0.5171 
   Co13-2139  1 0.4686 0.5314 
   Co13-2140  1 0.4381 0.5619 
   Co13-2141  1 0.6079 0.3921 
   Co13-2142  1 0.4909 0.5091 
   Co13-2143  1 0.5649 0.4351 
   Co13-2144  1 0.4563 0.5437 
   Co13-2145  1 0.5049 0.4951 
   Co13-2146  1 0.4978 0.5022 
   Co13-2147  1 0.5467 0.4533 
   Co13-2149  1 0.4626 0.5374 
   Co13-2150  1 0.5570 0.4430 
   Co13-2184  1 0.4109 0.5891 
    Co13-Tg1  1 0.5202 0.4798 
     Co17-01  1 0.5256 0.4744 
     Co17-02  1 0.5709 0.4291 
     Co17-03  1 0.5541 0.4459 
     Co17-04  1 0.4841 0.5159 
     Co17-05  1 0.5180 0.4820 
     Co17-06  1 0.5650 0.4350 
     Co17-07  1 0.4919 0.5081 
     Co17-08  1 0.5881 0.4119 
     Co17-09  1 0.4937 0.5063 
     Co17-10  1 0.5179 0.4821 
     Co17-11  1 0.5672 0.4328 
     Co17-12  1 0.4056 0.5944 
     Co17-13  1 0.5049 0.4951 
     Co17-14  1 0.4425 0.5575 
     Co17-15  1 0.5249 0.4751 
     Co17-16  1 0.5077 0.4923 
     Co17-17  1 0.5157 0.4843 
     Co17-18  1 0.5152 0.4848 
     Co17-19  1 0.4851 0.5149 
     Co17-20  1 0.5029 0.4971 
     Co17-21  1 0.4856 0.5144 
     Co17-22  1 0.5064 0.4936 
     Co17-23  1 0.4456 0.5544 
     Co17-24  1 0.5006 0.4994 
     Co17-25  1 0.5385 0.4615 
     Co17-26  1 0.5306 0.4694 
     Co17-27  1 0.5115 0.4885 
     Co17-28  1 0.4208 0.5792 
     Co17-29  1 0.5268 0.4732 
     Co17-30  1 0.4504 0.5496 
     Co17-31  1 0.4862 0.5138 
     Co17-32  1 0.4247 0.5753 
     Co17-34  1 0.4891 0.5109 
     Co17-35  1 0.4426 0.5574 
     Co17-36  1 0.4011 0.5989 
     Co17-37  1 0.5449 0.4551 
     Co17-38  1 0.4833 0.5167 
     Co17-39  1 0.4991 0.5009 
     Co17-40  1 0.4057 0.5943 
     Co17-41  1 0.4715 0.5285 
     Co17-43  1 0.4926 0.5074 
     Co17-46  1 0.5000 0.5000 
     Co17-47  1 0.4784 0.5216 
     Co17-48  1 0.4860 0.5140 
     Co17-49  1 0.5231 0.4769 
     Co17-50  1 0.4270 0.5730 
     Co17-51  1 0.5537 0.4463 
     Co17-52  1 0.4759 0.5241 
     Co17-53  1 0.5001 0.4999 
     Co17-54  1 0.4597 0.5403 
     Co17-55  1 0.5376 0.4624 
     Co17-56  1 0.5590 0.4410 
     Co17-57  1 0.5078 0.4922 
     Co17-58  1 0.4325 0.5675 
     Co17-60  1 0.5676 0.4324 
     Co17-62  1 0.5306 0.4694 
     Co17-65  1 0.5957 0.4043 
     Co17-67  1 0.4662 0.5338 
     Co17-68  1 0.4791 0.5209 
     Co17-69  1 0.4302 0.5698 
     Co17-70  1 0.5344 0.4656 
     Co17-73  1 0.5219 0.4781 
     Co17-74  1 0.4798 0.5202 
     Co17-75  1 0.4891 0.5109 
     Co17-76  1 0.4486 0.5514 
     Co17-77  1 0.4858 0.5142 
     Co17-78  1 0.6119 0.3881 
     Co17-79  1 0.5174 0.4826 
     Co17-80  1 0.6013 0.3987 
     Co17-82  1 0.5215 0.4785 
