   Co09-CO13  1 0.4763 0.5237 
   Co09-SC01  1 0.5045 0.4955 
   Co09-SC02  1 0.4412 0.5588 
   Co09-SC03  1 0.4980 0.5020 
   Co09-SC04  1 0.5218 0.4782 
   Co09-SC05  1 0.5743 0.4257 
   Co09-SC06  1 0.4495 0.5505 
   Co09-SC07  1 0.5939 0.4061 
   Co09-SC08  1 0.5309 0.4691 
   Co09-SC10  1 0.4886 0.5114 
   Co09-SC11  1 0.4445 0.5555 
   Co09-SC12  1 0.5094 0.4906 
   Co09-SC14  1 0.4861 0.5139 
   Co09-SC15  1 0.5805 0.4195 
   Co09-SC16  1 0.4280 0.5720 
   Co09-SC18  1 0.5268 0.4732 
   Co09-SC19  1 0.4571 0.5429 
   Co09-SC20  1 0.4756 0.5244 
   Co09-SC21  1 0.5038 0.4962 
   Co09-SC23  1 0.4756 0.5244 
   Co09-SC24  1 0.5061 0.4939 
   Co09-SC25  1 0.5100 0.4900 
   Co09-SC27  1 0.4315 0.5685 
   Co09-SC28  1 0.4681 0.5319 
   Co09-SC29  1 0.4165 0.5835 
   Co09-SC30  1 0.5810 0.4190 
   Co09-SC31  1 0.4841 0.5159 
   Co09-SF05  1 0.4908 0.5092 
   Co09-SF08  1 0.4624 0.5376 
   Co09-SF12  1 0.5165 0.4835 
   Co09-SF13  1 0.4738 0.5262 
   Co09-SF15  1 0.5108 0.4892 
   Co09-SF16  1 0.5101 0.4899 
   Co09-SF20  1 0.5098 0.4902 
   Co09-SF21  1 0.4941 0.5059 
   Co09-SF22  1 0.4193 0.5807 
   Co09-SF24  1 0.5467 0.4533 
   Co09-SF25  1 0.5532 0.4468 
   Co09-SF27  1 0.5482 0.4518 
   Co09-SF28  1 0.5298 0.4702 
   Co09-SF29  1 0.5248 0.4752 
   Co09-SF30  1 0.4956 0.5044 
  Co09-SF301  1 0.5058 0.4942 
  Co09-SF302  1 0.4890 0.5110 
  Co09-SF303  1 0.4998 0.5002 
  Co09-SF304  1 0.4952 0.5048 
  Co09-SF307  1 0.5501 0.4499 
  Co09-SF308  1 0.4734 0.5266 
  Co09-SF309  1 0.4722 0.5278 
  Co09-SF310  1 0.5139 0.4861 
  Co09-SF311  1 0.5145 0.4855 
  Co09-SF324  1 0.5094 0.4906 
  Co09-SF328  1 0.5566 0.4434 
  Co09-SF331  1 0.4296 0.5704 
  Co09-SF335  1 0.4422 0.5578 
  Co09-SF341  1 0.4443 0.5557 
  Co09-SF349  1 0.5457 0.4543 
   Co10-SF50  1 0.5305 0.4695 
   Co13-2082  1 0.5453 0.4547 
   Co13-2084  1 0.5281 0.4719 
   Co13-2085  1 0.4497 0.5503 
   Co13-2086  1 0.5439 0.4561 
   Co13-2087  1 0.5006 0.4994 
   Co13-2092  1 0.5019 0.4981 
   Co13-2093  1 0.5135 0.4865 
   Co13-2097  1 0.4680 0.5320 
   Co13-2098  1 0.5167 0.4833 
   Co13-2099  1 0.5445 0.4555 
   Co13-2100  1 0.4854 0.5146 
   Co13-2101  1 0.4525 0.5475 
   Co13-2102  1 0.6011 0.3989 
   Co13-2103  1 0.5408 0.4592 
   Co13-2104  1 0.5419 0.4581 
   Co13-2105  1 0.4998 0.5002 
   Co13-2106  1 0.4876 0.5124 
   Co13-2107  1 0.5420 0.4580 
   Co13-2108  1 0.5248 0.4752 
   Co13-2109  1 0.5114 0.4886 
   Co13-2110  1 0.4961 0.5039 
   Co13-2111  1 0.5258 0.4742 
   Co13-2112  1 0.5379 0.4621 
   Co13-2114  1 0.4877 0.5123 
   Co13-2115  1 0.5319 0.4681 
   Co13-2116  1 0.4499 0.5501 
   Co13-2117  1 0.4438 0.5562 
   Co13-2119  1 0.4634 0.5366 
   Co13-2120  1 0.4726 0.5274 
   Co13-2121  1 0.5111 0.4889 
   Co13-2122  1 0.4710 0.5290 
   Co13-2123  1 0.5504 0.4496 
   Co13-2124  1 0.5556 0.4444 
   Co13-2125  1 0.5489 0.4511 
   Co13-2126  1 0.4694 0.5306 
   Co13-2127  1 0.5456 0.4544 
   Co13-2128  1 0.5406 0.4594 
   Co13-2129  1 0.4731 0.5269 
   Co13-2130  1 0.4372 0.5628 
   Co13-2131  1 0.5583 0.4417 
   Co13-2132  1 0.5351 0.4649 
   Co13-2133  1 0.4512 0.5488 
   Co13-2134  1 0.5200 0.4800 
   Co13-2135  1 0.5536 0.4464 
   Co13-2136  1 0.5422 0.4578 
   Co13-2137  1 0.5183 0.4817 
   Co13-2139  1 0.5302 0.4698 
   Co13-2140  1 0.5440 0.4560 
   Co13-2141  1 0.4094 0.5906 
   Co13-2142  1 0.5193 0.4807 
   Co13-2143  1 0.4489 0.5511 
   Co13-2144  1 0.5416 0.4584 
   Co13-2145  1 0.4972 0.5028 
   Co13-2146  1 0.5028 0.4972 
   Co13-2147  1 0.4591 0.5409 
   Co13-2149  1 0.5337 0.4663 
   Co13-2150  1 0.4458 0.5542 
   Co13-2184  1 0.5786 0.4214 
    Co13-Tg1  1 0.4858 0.5142 
     Co17-01  1 0.4732 0.5268 
     Co17-02  1 0.4457 0.5543 
     Co17-03  1 0.4592 0.5408 
     Co17-04  1 0.5158 0.4842 
     Co17-05  1 0.4849 0.5151 
     Co17-06  1 0.4399 0.5601 
     Co17-07  1 0.5056 0.4944 
     Co17-08  1 0.4198 0.5802 
     Co17-09  1 0.5129 0.4871 
     Co17-10  1 0.4912 0.5088 
     Co17-11  1 0.4370 0.5630 
     Co17-12  1 0.5785 0.4215 
     Co17-13  1 0.4943 0.5057 
     Co17-14  1 0.5490 0.4510 
     Co17-15  1 0.4804 0.5196 
     Co17-16  1 0.4930 0.5070 
     Co17-17  1 0.4823 0.5177 
     Co17-18  1 0.4805 0.5195 
     Co17-19  1 0.5147 0.4853 
     Co17-20  1 0.4984 0.5016 
     Co17-21  1 0.5132 0.4868 
     Co17-22  1 0.4990 0.5010 
     Co17-23  1 0.5530 0.4470 
     Co17-24  1 0.5069 0.4931 
     Co17-25  1 0.4670 0.5330 
     Co17-26  1 0.4822 0.5178 
     Co17-27  1 0.4901 0.5099 
     Co17-28  1 0.5618 0.4382 
     Co17-29  1 0.4732 0.5268 
     Co17-30  1 0.5453 0.4547 
     Co17-31  1 0.5104 0.4896 
     Co17-32  1 0.5678 0.4322 
     Co17-34  1 0.5013 0.4987 
     Co17-35  1 0.5526 0.4474 
     Co17-36  1 0.5927 0.4073 
     Co17-37  1 0.4492 0.5508 
     Co17-38  1 0.5103 0.4897 
     Co17-39  1 0.5015 0.4985 
     Co17-40  1 0.5837 0.4163 
     Co17-41  1 0.5213 0.4787 
     Co17-43  1 0.5086 0.4914 
     Co17-46  1 0.5041 0.4959 
     Co17-47  1 0.5175 0.4825 
     Co17-48  1 0.5116 0.4884 
     Co17-49  1 0.4744 0.5256 
     Co17-50  1 0.5518 0.4482 
     Co17-51  1 0.4484 0.5516 
     Co17-52  1 0.5226 0.4774 
     Co17-53  1 0.5121 0.4879 
     Co17-54  1 0.5271 0.4729 
     Co17-55  1 0.4581 0.5419 
     Co17-56  1 0.4490 0.5510 
     Co17-57  1 0.4945 0.5055 
     Co17-58  1 0.5610 0.4390 
     Co17-60  1 0.4354 0.5646 
     Co17-62  1 0.4753 0.5247 
     Co17-65  1 0.4200 0.5800 
     Co17-67  1 0.5300 0.4700 
     Co17-68  1 0.5118 0.4882 
     Co17-69  1 0.5536 0.4464 
     Co17-70  1 0.4695 0.5305 
     Co17-73  1 0.4726 0.5274 
     Co17-74  1 0.5246 0.4754 
     Co17-75  1 0.5126 0.4874 
     Co17-76  1 0.5412 0.4588 
     Co17-77  1 0.5090 0.4910 
     Co17-78  1 0.4073 0.5927 
     Co17-79  1 0.4844 0.5156 
     Co17-80  1 0.4078 0.5922 
     Co17-82  1 0.4851 0.5149 
