   Co09-CO13  1 0.5259 0.4741 
   Co09-SC01  1 0.5012 0.4988 
   Co09-SC02  1 0.5655 0.4345 
   Co09-SC03  1 0.5039 0.4961 
   Co09-SC04  1 0.4636 0.5364 
   Co09-SC05  1 0.4246 0.5754 
   Co09-SC06  1 0.5505 0.4495 
   Co09-SC07  1 0.3957 0.6043 
   Co09-SC08  1 0.4537 0.5463 
   Co09-SC10  1 0.5115 0.4885 
   Co09-SC11  1 0.5650 0.4350 
   Co09-SC12  1 0.4882 0.5118 
   Co09-SC14  1 0.5142 0.4858 
   Co09-SC15  1 0.4117 0.5883 
   Co09-SC16  1 0.5755 0.4245 
   Co09-SC18  1 0.4643 0.5357 
   Co09-SC19  1 0.5524 0.4476 
   Co09-SC20  1 0.5291 0.4709 
   Co09-SC21  1 0.5023 0.4977 
   Co09-SC23  1 0.5332 0.4668 
   Co09-SC24  1 0.4916 0.5084 
   Co09-SC25  1 0.4953 0.5047 
   Co09-SC27  1 0.5731 0.4269 
   Co09-SC28  1 0.5380 0.4620 
   Co09-SC29  1 0.6018 0.3982 
   Co09-SC30  1 0.4125 0.5875 
   Co09-SC31  1 0.5195 0.4805 
   Co09-SF05  1 0.4985 0.5015 
   Co09-SF08  1 0.5461 0.4539 
   Co09-SF12  1 0.4765 0.5235 
   Co09-SF13  1 0.5185 0.4815 
   Co09-SF15  1 0.4889 0.5111 
   Co09-SF16  1 0.4847 0.5153 
   Co09-SF20  1 0.4958 0.5042 
   Co09-SF21  1 0.5047 0.4953 
   Co09-SF22  1 0.5872 0.4128 
   Co09-SF24  1 0.4502 0.5498 
   Co09-SF25  1 0.4358 0.5642 
   Co09-SF27  1 0.4494 0.5506 
   Co09-SF28  1 0.4591 0.5409 
   Co09-SF29  1 0.4753 0.5247 
   Co09-SF30  1 0.5088 0.4912 
  Co09-SF301  1 0.4839 0.5161 
  Co09-SF302  1 0.5151 0.4849 
  Co09-SF303  1 0.4988 0.5012 
  Co09-SF304  1 0.5094 0.4906 
  Co09-SF307  1 0.4417 0.5583 
  Co09-SF308  1 0.5313 0.4687 
  Co09-SF309  1 0.5339 0.4661 
  Co09-SF310  1 0.4903 0.5097 
  Co09-SF311  1 0.4832 0.5168 
  Co09-SF324  1 0.4939 0.5061 
  Co09-SF328  1 0.4251 0.5749 
  Co09-SF331  1 0.5862 0.4138 
  Co09-SF335  1 0.5628 0.4372 
  Co09-SF341  1 0.5622 0.4378 
  Co09-SF349  1 0.4499 0.5501 
   Co10-SF50  1 0.4663 0.5337 
   Co13-2082  1 0.4571 0.5429 
   Co13-2084  1 0.4689 0.5311 
   Co13-2085  1 0.5471 0.4529 
   Co13-2086  1 0.4471 0.5529 
   Co13-2087  1 0.5008 0.4992 
   Co13-2092  1 0.4973 0.5027 
   Co13-2093  1 0.4851 0.5149 
   Co13-2097  1 0.5390 0.4610 
   Co13-2098  1 0.4840 0.5160 
   Co13-2099  1 0.4529 0.5471 
   Co13-2100  1 0.5164 0.4836 
   Co13-2101  1 0.5469 0.4531 
   Co13-2102  1 0.3907 0.6093 
   Co13-2103  1 0.4618 0.5382 
   Co13-2104  1 0.4519 0.5481 
   Co13-2105  1 0.4980 0.5020 
   Co13-2106  1 0.5156 0.4844 
   Co13-2107  1 0.4521 0.5479 
   Co13-2108  1 0.4652 0.5348 
   Co13-2109  1 0.4925 0.5075 
   Co13-2110  1 0.4955 0.5045 
   Co13-2111  1 0.4798 0.5202 
   Co13-2112  1 0.4614 0.5386 
   Co13-2114  1 0.5157 0.4843 
   Co13-2115  1 0.4612 0.5388 
   Co13-2116  1 0.5613 0.4387 
   Co13-2117  1 0.5623 0.4377 
   Co13-2119  1 0.5365 0.4635 
   Co13-2120  1 0.5314 0.4686 
   Co13-2121  1 0.4928 0.5072 
   Co13-2122  1 0.5311 0.4689 
   Co13-2123  1 0.4403 0.5597 
   Co13-2124  1 0.4422 0.5578 
   Co13-2125  1 0.4471 0.5529 
   Co13-2126  1 0.5300 0.4700 
   Co13-2127  1 0.4507 0.5493 
   Co13-2128  1 0.4419 0.5581 
   Co13-2129  1 0.5321 0.4679 
   Co13-2130  1 0.5685 0.4315 
   Co13-2131  1 0.4398 0.5602 
   Co13-2132  1 0.4632 0.5368 
   Co13-2133  1 0.5574 0.4426 
   Co13-2134  1 0.4837 0.5163 
   Co13-2135  1 0.4444 0.5556 
   Co13-2136  1 0.4563 0.5437 
   Co13-2137  1 0.4785 0.5215 
   Co13-2139  1 0.4633 0.5367 
   Co13-2140  1 0.4462 0.5538 
   Co13-2141  1 0.6050 0.3950 
   Co13-2142  1 0.4879 0.5121 
   Co13-2143  1 0.5602 0.4398 
   Co13-2144  1 0.4596 0.5404 
   Co13-2145  1 0.5073 0.4927 
   Co13-2146  1 0.4946 0.5054 
   Co13-2147  1 0.5466 0.4534 
   Co13-2149  1 0.4629 0.5371 
   Co13-2150  1 0.5513 0.4487 
   Co13-2184  1 0.4189 0.5811 
    Co13-Tg1  1 0.5239 0.4761 
     Co17-01  1 0.5201 0.4799 
     Co17-02  1 0.5619 0.4381 
     Co17-03  1 0.5506 0.4494 
     Co17-04  1 0.4851 0.5149 
     Co17-05  1 0.5108 0.4892 
     Co17-06  1 0.5697 0.4303 
     Co17-07  1 0.4860 0.5140 
     Co17-08  1 0.5866 0.4134 
     Co17-09  1 0.4907 0.5093 
     Co17-10  1 0.5128 0.4872 
     Co17-11  1 0.5618 0.4382 
     Co17-12  1 0.4069 0.5931 
     Co17-13  1 0.5056 0.4944 
     Co17-14  1 0.4433 0.5567 
     Co17-15  1 0.5194 0.4806 
     Co17-16  1 0.5074 0.4926 
     Co17-17  1 0.5178 0.4822 
     Co17-18  1 0.5129 0.4871 
     Co17-19  1 0.4802 0.5198 
     Co17-20  1 0.4971 0.5029 
     Co17-21  1 0.4825 0.5175 
     Co17-22  1 0.5073 0.4927 
     Co17-23  1 0.4476 0.5524 
     Co17-24  1 0.4982 0.5018 
     Co17-25  1 0.5388 0.4612 
     Co17-26  1 0.5290 0.4710 
     Co17-27  1 0.5076 0.4924 
     Co17-28  1 0.4225 0.5775 
     Co17-29  1 0.5283 0.4717 
     Co17-30  1 0.4585 0.5415 
     Co17-31  1 0.4806 0.5194 
     Co17-32  1 0.4343 0.5657 
     Co17-34  1 0.4924 0.5076 
     Co17-35  1 0.4498 0.5502 
     Co17-36  1 0.4017 0.5983 
     Co17-37  1 0.5465 0.4535 
     Co17-38  1 0.4836 0.5164 
     Co17-39  1 0.5017 0.4983 
     Co17-40  1 0.4091 0.5909 
     Co17-41  1 0.4730 0.5270 
     Co17-43  1 0.4891 0.5109 
     Co17-46  1 0.5015 0.4985 
     Co17-47  1 0.4837 0.5163 
     Co17-48  1 0.4941 0.5059 
     Co17-49  1 0.5186 0.4814 
     Co17-50  1 0.4351 0.5649 
     Co17-51  1 0.5501 0.4499 
     Co17-52  1 0.4727 0.5273 
     Co17-53  1 0.4990 0.5010 
     Co17-54  1 0.4587 0.5413 
     Co17-55  1 0.5310 0.4690 
     Co17-56  1 0.5540 0.4460 
     Co17-57  1 0.5057 0.4943 
     Co17-58  1 0.4394 0.5606 
     Co17-60  1 0.5655 0.4345 
     Co17-62  1 0.5282 0.4718 
     Co17-65  1 0.5840 0.4160 
     Co17-67  1 0.4680 0.5320 
     Co17-68  1 0.4844 0.5156 
     Co17-69  1 0.4304 0.5696 
     Co17-70  1 0.5328 0.4672 
     Co17-73  1 0.5296 0.4704 
     Co17-74  1 0.4774 0.5226 
     Co17-75  1 0.4812 0.5188 
     Co17-76  1 0.4499 0.5501 
     Co17-77  1 0.4893 0.5107 
     Co17-78  1 0.6049 0.3951 
     Co17-79  1 0.5245 0.4755 
     Co17-80  1 0.6048 0.3952 
     Co17-82  1 0.5165 0.4835 
